(51.760834, -1.261809) 
(51.760817, -1.261828) 
(51.760796, -1.261835) 
(51.760779, -1.261836) 
(51.760761, -1.261833) 
(51.760744, -1.261828) 
(51.760725, -1.261818) 
(51.760707, -1.261807) 
(51.760687, -1.261796) 
(51.760668, -1.261785) 
(51.76065, -1.261774) 
(51.760641, -1.261768) 
(51.760624, -1.261756) 
(51.760605, -1.261743) 
(51.760586, -1.26173) 
(51.760567, -1.261712) 
(51.760548, -1.261701) 
(51.76053, -1.26169) 
(51.760513, -1.26168) 
(51.760495, -1.261667) 
(51.760478, -1.261655) 
(51.760461, -1.261646) 
(51.760444, -1.261634) 
(51.760426, -1.261627) 
(51.760407, -1.261614) 
(51.760388, -1.261602) 
(51.760374, -1.261579) 
(51.760364, -1.261573) 
(51.760344, -1.261561) 
(51.760318, -1.261561) 
(51.760299, -1.261549) 
(51.76028, -1.26154) 
(51.760262, -1.26153) 
(51.760245, -1.261519) 
(51.76023, -1.26151) 
(51.760214, -1.2615) 
(51.760191, -1.261488) 
(51.760183, -1.261475) 
(51.760162, -1.261465) 
(51.760148, -1.261457) 
(51.760127, -1.261458) 
(51.760118, -1.26142) 
(51.760098, -1.261412) 
(51.760078, -1.261402) 
(51.760067, -1.261394) 
(51.760055, -1.261382) 
(51.760036, -1.261372) 
(51.760015, -1.26136) 
(51.76, -1.261351) 
(51.759983, -1.261345) 
(51.759963, -1.261334) 
(51.759948, -1.261331) 
(51.759904, -1.261328) 
(51.759891, -1.26131) 
(51.759869, -1.261302) 
(51.759857, -1.261295) 
(51.759838, -1.261277) 
(51.759834, -1.261269) 
(51.759814, -1.261262) 
(51.759781, -1.261255) 
(51.75976, -1.261247) 
(51.759747, -1.261243) 
(51.759725, -1.261234) 
(51.759702, -1.261223) 
(51.759687, -1.261225) 
(51.759669, -1.261198) 
(51.759655, -1.261191) 
(51.759633, -1.261196) 
(51.759616, -1.261192) 
(51.759586, -1.261188) 
(51.759571, -1.261181) 
(51.759554, -1.261176) 
(51.759547, -1.261156) 
(51.75952, -1.261128) 
(51.759503, -1.261125) 
(51.759492, -1.261114) 
(51.759482, -1.261112) 
(51.759451, -1.26109) 
(51.759436, -1.261083) 
(51.759421, -1.261076) 
(51.759404, -1.261073) 
(51.759376, -1.261055) 
(51.759361, -1.26105) 
(51.759345, -1.261042) 
(51.759331, -1.261033) 
(51.7593, -1.261023) 
(51.759285, -1.261013) 
(51.759268, -1.261007) 
(51.759254, -1.260999) 
(51.759224, -1.260983) 
(51.759211, -1.260972) 
(51.759196, -1.260963) 
(51.759182, -1.260953) 
(51.759152, -1.260935) 
(51.75914, -1.260923) 
(51.759123, -1.260917) 
(51.759112, -1.260903) 
(51.759083, -1.260886) 
(51.759064, -1.260881) 
(51.759046, -1.260872) 
(51.759033, -1.26086) 
(51.759008, -1.260834) 
(51.758991, -1.260828) 
(51.758975, -1.260817) 
(51.758962, -1.260801) 
(51.758927, -1.260789) 
(51.758914, -1.260777) 
(51.758898, -1.260769) 
(51.758884, -1.260757) 
(51.758852, -1.260738) 
(51.758839, -1.260722) 
(51.758829, -1.260704) 
(51.758815, -1.26069) 
(51.758782, -1.260671) 
(51.758765, -1.260661) 
(51.758749, -1.260652) 
(51.758733, -1.260639) 
(51.758701, -1.260616) 
(51.758683, -1.260606) 
(51.758669, -1.260591) 
(51.75866, -1.260567) 
(51.758632, -1.260539) 
(51.758602, -1.260512) 
(51.758587, -1.2605) 
(51.758572, -1.260488) 
(51.758541, -1.260465) 
(51.758526, -1.260454) 
(51.758511, -1.260442) 
(51.75848, -1.260421) 
(51.758465, -1.26041) 
(51.75845, -1.260399) 
(51.758434, -1.26039) 
(51.758403, -1.260371) 
(51.758388, -1.26036) 
(51.758361, -1.260332) 
(51.758347, -1.260323) 
(51.758331, -1.260316) 
(51.75832, -1.260296) 
(51.758299, -1.260268) 
(51.758276, -1.260277) 
(51.758263, -1.260268) 
(51.758237, -1.260257) 
(51.758228, -1.260249) 
(51.758205, -1.260244) 
(51.758188, -1.260227) 
(51.75817, -1.26021) 
(51.758154, -1.260196) 
(51.75814, -1.260178) 
(51.758122, -1.260152) 
(51.758108, -1.260127) 
(51.758102, -1.260093) 
(51.758102, -1.260063) 
(51.758106, -1.260043) 
(51.758125, -1.260003) 
(51.758143, -1.259982) 
(51.758158, -1.259968) 
(51.758182, -1.259959) 
(51.758193, -1.259967) 
(51.758207, -1.259964) 
(51.758222, -1.259964) 
(51.758254, -1.259964) 
(51.758273, -1.259964) 
(51.75829, -1.259978) 
(51.75831, -1.259961) 
(51.758345, -1.25997) 
(51.758347, -1.260007) 
(51.75838, -1.259971) 
(51.758393, -1.259981) 
(51.758432, -1.259968) 
(51.758451, -1.259967) 
(51.758464, -1.259973) 
(51.758479, -1.259969) 
(51.758522, -1.259973) 
(51.758534, -1.259962) 
(51.758552, -1.259961) 
(51.758556, -1.25993) 
(51.758608, -1.25996) 
(51.758624, -1.259963) 
(51.758636, -1.259961) 
(51.758655, -1.259974) 
(51.758677, -1.259978) 
(51.758689, -1.259977) 
(51.758709, -1.259975) 
(51.758718, -1.25992) 
(51.758753, -1.259919) 
(51.758791, -1.25997) 
(51.758809, -1.259974) 
(51.758824, -1.259971) 
(51.758858, -1.25998) 
(51.758873, -1.259979) 
(51.758889, -1.259975) 
(51.758904, -1.259977) 
(51.758937, -1.259977) 
(51.758953, -1.25998) 
(51.758969, -1.25998) 
(51.758985, -1.259984) 
(51.759017, -1.259981) 
(51.759031, -1.259981) 
(51.759033, -1.259942) 
(51.759052, -1.259944) 
(51.759083, -1.259953) 
(51.759097, -1.259951) 
(51.759097, -1.259951) 
(51.759147, -1.260001) 
(51.759178, -1.259997) 
(51.759198, -1.259999) 
(51.759218, -1.260003) 
(51.759218, -1.260003) 
(51.759238, -1.260002) 
(51.759261, -1.260016) 
(51.759281, -1.260021) 
(51.759301, -1.260025) 
(51.75932, -1.260024) 
(51.759331, -1.259985) 
(51.759361, -1.260028) 
(51.759379, -1.260035) 
(51.759398, -1.260034) 
(51.759421, -1.26004) 
(51.759445, -1.26005) 
(51.759468, -1.26008) 
(51.75949, -1.260069) 
(51.759506, -1.260064) 
(51.759523, -1.260072) 
(51.759523, -1.260072) 
(51.759542, -1.260076) 
(51.759567, -1.260079) 
(51.759589, -1.260093) 
(51.759613, -1.260088) 
(51.759625, -1.260097) 
(51.759647, -1.260104) 
(51.759693, -1.260091) 
(51.759707, -1.260089) 
(51.75972, -1.260096) 
(51.759757, -1.260088) 
(51.759778, -1.260092) 
(51.759803, -1.260095) 
(51.759816, -1.260108) 
(51.759852, -1.260103) 
(51.759879, -1.260101) 
(51.759879, -1.260101) 
(51.759885, -1.260112) 
(51.759908, -1.260111) 
(51.759927, -1.260117) 
(51.75995, -1.260117) 
(51.759974, -1.260118) 
(51.76, -1.260118) 
(51.760024, -1.26013) 
(51.760046, -1.260125) 
(51.760046, -1.260125) 
(51.760046, -1.260125) 
(51.760113, -1.260144) 
(51.760124, -1.260163) 
(51.760155, -1.260132) 
(51.760177, -1.260134) 
(51.760152, -1.260233) 
(51.760152, -1.260233) 
(51.76023, -1.260138) 
(51.760255, -1.260141) 
(51.760256, -1.260141) 
(51.760297, -1.260143) 
(51.760318, -1.260146) 
(51.760306, -1.260155) 
(51.760333, -1.260157) 
(51.760332, -1.260192) 
(51.760356, -1.260188) 
(51.760384, -1.260194) 
(51.760422, -1.260182) 
(51.760445, -1.260181) 
(51.76047, -1.260191) 
(51.760495, -1.260189) 
(51.760519, -1.260193) 
(51.760519, -1.260193) 
(51.760542, -1.260196) 
(51.760562, -1.260202) 
(51.760583, -1.260203) 
(51.760609, -1.260195) 
(51.760633, -1.260197) 
(51.760654, -1.2602) 
(51.760674, -1.260205) 
(51.760702, -1.260206) 
(51.760723, -1.26021) 
(51.760744, -1.260209) 
(51.760761, -1.260206) 
(51.760781, -1.26021) 
(51.760803, -1.260208) 
(51.760828, -1.260211) 
(51.760849, -1.260212) 
(51.760849, -1.260212) 
(51.760871, -1.260209) 
(51.760892, -1.260209) 
(51.76091, -1.260216) 
(51.760929, -1.260227) 
(51.760948, -1.260233) 
(51.760966, -1.26024) 
(51.76099, -1.260236) 
(51.761014, -1.260224) 
(51.761034, -1.260201) 
(51.761049, -1.260213) 
(51.761066, -1.260217) 
(51.761085, -1.260217) 
(51.761105, -1.26022) 
(51.761125, -1.260235) 
(51.761142, -1.260238) 
(51.761163, -1.26024) 
(51.761181, -1.260242) 
(51.761215, -1.260245) 
(51.761232, -1.260249) 
(51.761248, -1.260252) 
(51.761263, -1.260254) 
(51.7613, -1.260263) 
(51.761313, -1.260264) 
(51.761337, -1.260263) 
(51.761351, -1.260272) 
(51.761373, -1.260277) 
(51.761393, -1.260279) 
(51.761412, -1.260281) 
(51.76141, -1.260298) 
(51.761425, -1.260302) 
(51.761454, -1.260315) 
(51.761482, -1.260287) 
(51.761507, -1.260296) 
(51.761521, -1.260294) 
(51.761543, -1.260298) 
(51.761554, -1.260298) 
(51.761574, -1.260305) 
(51.761588, -1.260308) 
(51.761609, -1.260314) 
(51.761628, -1.260328) 
(51.761649, -1.260335) 
(51.761668, -1.260339) 
(51.761686, -1.260342) 
(51.76171, -1.260347) 
(51.761724, -1.260349) 
(51.761747, -1.260336) 
(51.761761, -1.260337) 
(51.761778, -1.260344) 
(51.761799, -1.260354) 
(51.761818, -1.26036) 
(51.761834, -1.260355) 
(51.761848, -1.260351) 
(51.761861, -1.260352) 
(51.761874, -1.260339) 
(51.76189, -1.260316) 
(51.7619, -1.260294) 
(51.761909, -1.260276) 
(51.761913, -1.260246) 
(51.761915, -1.260212) 
(51.761918, -1.260181) 
(51.761917, -1.26015) 
(51.761916, -1.260134) 
(51.761912, -1.260102) 
(51.761906, -1.260066) 
(51.761901, -1.260047) 
(51.761892, -1.260014) 
(51.761887, -1.259998) 
(51.761873, -1.259968) 
(51.761865, -1.259954) 
(51.761846, -1.259926) 
(51.761837, -1.259915) 
(51.761815, -1.259893) 
(51.761792, -1.259876) 
(51.761779, -1.259866) 
(51.761756, -1.259844) 
(51.761743, -1.259836) 
(51.761716, -1.259827) 
(51.761702, -1.25982) 
(51.761688, -1.259812) 
(51.761674, -1.259804) 
(51.761645, -1.259788) 
(51.761629, -1.25978) 
(51.761614, -1.259773) 
(51.761599, -1.259765) 
(51.761567, -1.259747) 
(51.76155, -1.25974) 
(51.761534, -1.259731) 
(51.761526, -1.259705) 
(51.761493, -1.259685) 
(51.761477, -1.259675) 
(51.76146, -1.259666) 
(51.761443, -1.259655) 
(51.76141, -1.259634) 
(51.761392, -1.259624) 
(51.761375, -1.259612) 
(51.761358, -1.259601) 
(51.761341, -1.25959) 
(51.761322, -1.25958) 
(51.761304, -1.259568) 
(51.761286, -1.259558) 
(51.761262, -1.259555) 
(51.761243, -1.259544) 
(51.761223, -1.259534) 
(51.761223, -1.259534) 
(51.761207, -1.25949) 
(51.761188, -1.259476) 
(51.761171, -1.259462) 
(51.761152, -1.259447) 
(51.761134, -1.259432) 
(51.76112, -1.259401) 
(51.761102, -1.259387) 
(51.761083, -1.259371) 
(51.761065, -1.259355) 
(51.761052, -1.259365) 
(51.761028, -1.259322) 
(51.761011, -1.259303) 
(51.760993, -1.259285) 
(51.760985, -1.259256) 
(51.760937, -1.259304) 
(51.760937, -1.259304) 
(51.760947, -1.259221) 
(51.760932, -1.2592) 
(51.760915, -1.259179) 
(51.760898, -1.259159) 
(51.760851, -1.259205) 
(51.760833, -1.259187) 
(51.760819, -1.259163) 
(51.760804, -1.259139) 
(51.76078, -1.259129) 
(51.760761, -1.259112) 
(51.760746, -1.259089) 
(51.760729, -1.259069) 
(51.760715, -1.259044) 
(51.760701, -1.259019) 
(51.760684, -1.259) 
(51.760684, -1.259) 
(51.760669, -1.258976) 
(51.760654, -1.258953) 
(51.760637, -1.258931) 
(51.760622, -1.258907) 
(51.760608, -1.258882) 
(51.760593, -1.258858) 
(51.760576, -1.258837) 
(51.760557, -1.258815) 
(51.760543, -1.258793) 
(51.760526, -1.258774) 
(51.760509, -1.258753) 
(51.760493, -1.258733) 
(51.760478, -1.258709) 
(51.760459, -1.258688) 
(51.760443, -1.258666) 
(51.760443, -1.258666) 
(51.760425, -1.258645) 
(51.760409, -1.258624) 
(51.760393, -1.258601) 
(51.760381, -1.258585) 
(51.760366, -1.258562) 
(51.76035, -1.258541) 
(51.760333, -1.258521) 
(51.760318, -1.258496) 
(51.7603, -1.258477) 
(51.76029, -1.258441) 
(51.760282, -1.2584) 
(51.760259, -1.258399) 
(51.760241, -1.258378) 
(51.760226, -1.258357) 
(51.760212, -1.25833) 
(51.760212, -1.25833) 
(51.760118, -1.25845) 
(51.76018, -1.258295) 
(51.760085, -1.258406) 
(51.760128, -1.258288) 
(51.760105, -1.258261) 
(51.760109, -1.258213) 
(51.760094, -1.258193) 
(51.76008, -1.258167) 
(51.760065, -1.258149) 
(51.76005, -1.258136) 
(51.760037, -1.258111) 
(51.760026, -1.258084) 
(51.760015, -1.25806) 
(51.760003, -1.258031) 
(51.75999, -1.258009) 
(51.75999, -1.258009) 
(51.759977, -1.257982) 
(51.759964, -1.257959) 
(51.759945, -1.257903) 
(51.759932, -1.257882) 
(51.759918, -1.257863) 
(51.759906, -1.257838) 
(51.75989, -1.257781) 
(51.759879, -1.257759) 
(51.759869, -1.257739) 
(51.759858, -1.257721) 
(51.759838, -1.25768) 
(51.759826, -1.257661) 
(51.75982, -1.257639) 
(51.759809, -1.257622) 
(51.759786, -1.257588) 
(51.759779, -1.257559) 
(51.759753, -1.257557) 
(51.759741, -1.257539) 
(51.759729, -1.257496) 
(51.759711, -1.257486) 
(51.759701, -1.257467) 
(51.759679, -1.257439) 
(51.759668, -1.257426) 
(51.759659, -1.257411) 
(51.759642, -1.257403) 
(51.759625, -1.257369) 
(51.759623, -1.257342) 
(51.759627, -1.257299) 
(51.759604, -1.257295) 
(51.760189, -1.256831) 
(51.760189, -1.256831) 
(51.760189, -1.256831) 
(51.760189, -1.256831) 
(51.760189, -1.256831) 
(51.760189, -1.256831) 
(51.760189, -1.256831) 
(51.760189, -1.256831) 
(51.760189, -1.256831) 
(51.760189, -1.256831) 
(51.760189, -1.256831) 
(51.760189, -1.256831) 
(51.760189, -1.256831) 
(51.760189, -1.256831) 
(51.759332, -1.257149) 
(51.759306, -1.257136) 
(51.759306, -1.257136) 
(51.759306, -1.257136) 
(51.759306, -1.257136) 
(51.759252, -1.257076) 
(51.759233, -1.25707) 
(51.759211, -1.257061) 
(51.759169, -1.257073) 
(51.759149, -1.257071) 
(51.759149, -1.257049) 
(51.759149, -1.257049) 
(51.759042, -1.257126) 
(51.759042, -1.257126) 
(51.759031, -1.257077) 
(51.759031, -1.257077) 
(51.759031, -1.257077) 
(51.759031, -1.257077) 
(51.759031, -1.257077) 
(51.759031, -1.257077) 
(51.759031, -1.257077) 
(51.759031, -1.257077) 
(51.759031, -1.257077) 
(51.759031, -1.257077) 
(51.759031, -1.257077) 
(51.758852, -1.256898) 
(51.758823, -1.256889) 
(51.758794, -1.256871) 
(51.758772, -1.256866) 
(51.758748, -1.256847) 
(51.758739, -1.256851) 
(51.758706, -1.256846) 
(51.758715, -1.256811) 
(51.758715, -1.256811) 
(51.758715, -1.256811) 
(51.758715, -1.256811) 
(51.758715, -1.256811) 
(51.758715, -1.256811) 
(51.758715, -1.256811) 
(51.758715, -1.256811) 
(51.758715, -1.256811) 
(51.758715, -1.256811) 
(51.758715, -1.256811) 
(51.758715, -1.256811) 
(51.758458, -1.256724) 
(51.758443, -1.256696) 
(51.758424, -1.256692) 
(51.758399, -1.25669) 
(51.75838, -1.256671) 
(51.758356, -1.256686) 
(51.758336, -1.256658) 
(51.758325, -1.25663) 
(51.758315, -1.256628) 
(51.758292, -1.256616) 
(51.758281, -1.256607) 
(51.758275, -1.25658) 
(51.758262, -1.256582) 
(51.758215, -1.256587) 
(51.758197, -1.256573) 
(51.758166, -1.256572) 
(51.758162, -1.25655) 
(51.758156, -1.25654) 
(51.758133, -1.256536) 
(51.758117, -1.256535) 
(51.758108, -1.256495) 
(51.758107, -1.256515) 
(51.75809, -1.256508) 
(51.758136, -1.256382) 
(51.75831, -1.256042) 
(51.758217, -1.256155) 
(51.75804, -1.256432) 
(51.757989, -1.256465) 
(51.757972, -1.256442) 
(51.75795, -1.256439) 
(51.757953, -1.256378) 
(51.757929, -1.256391) 
(51.757903, -1.256403) 
(51.757907, -1.256314) 
(51.757956, -1.256067) 
(51.75786, -1.256374) 
(51.757849, -1.256301) 
(51.757824, -1.256322) 
(51.757797, -1.256324) 
(51.757776, -1.256319) 
(51.757756, -1.256286) 
(51.757746, -1.256262) 
(51.757731, -1.256262) 
(51.757705, -1.256229) 
(51.757699, -1.256214) 
(51.757691, -1.256195) 
(51.757687, -1.256158) 
(51.757691, -1.256118) 
(51.757674, -1.256093) 
(51.757679, -1.25606) 
(51.757687, -1.256026) 
(51.757701, -1.256015) 
(51.75771, -1.255982) 
(51.757711, -1.25595) 
(51.757715, -1.255914) 
(51.757733, -1.255889) 
(51.757735, -1.255864) 
(51.757741, -1.255843) 
(51.757773, -1.255799) 
(51.757774, -1.255778) 
(51.757774, -1.255751) 
(51.757778, -1.255729) 
(51.75779, -1.255687) 
(51.757796, -1.255665) 
(51.7578, -1.255642) 
(51.757803, -1.255619) 
(51.757812, -1.255571) 
(51.75782, -1.255548) 
(51.757822, -1.255525) 
(51.75783, -1.255502) 
(51.75784, -1.25545) 
(51.757845, -1.255427) 
(51.757851, -1.255403) 
(51.757857, -1.255378) 
(51.75787, -1.255331) 
(51.757876, -1.255308) 
(51.757884, -1.255283) 
(51.757889, -1.255259) 
(51.757904, -1.255211) 
(51.757909, -1.255185) 
(51.757913, -1.255161) 
(51.75792, -1.255138) 
(51.757932, -1.25509) 
(51.757937, -1.255065) 
(51.757941, -1.255041) 
(51.757945, -1.255017) 
(51.757958, -1.254969) 
(51.757963, -1.254946) 
(51.757969, -1.254924) 
(51.757975, -1.254901) 
(51.757986, -1.254854) 
(51.757992, -1.25483) 
(51.757998, -1.254807) 
(51.758003, -1.254783) 
(51.758014, -1.254736) 
(51.758019, -1.254712) 
(51.758024, -1.254688) 
(51.758029, -1.254663) 
(51.75804, -1.254613) 
(51.758045, -1.25459) 
(51.758052, -1.254567) 
(51.758057, -1.254543) 
(51.758067, -1.254495) 
(51.758073, -1.254471) 
(51.758078, -1.254446) 
(51.758085, -1.254422) 
(51.758098, -1.254375) 
(51.758104, -1.254352) 
(51.758111, -1.25433) 
(51.758122, -1.25429) 
(51.758125, -1.254269) 
(51.758138, -1.254234) 
(51.758146, -1.254203) 
(51.758155, -1.25417) 
(51.758163, -1.254156) 
(51.758172, -1.25412) 
(51.758177, -1.254102) 
(51.758187, -1.254064) 
(51.758193, -1.254045) 
(51.758207, -1.254005) 
(51.758214, -1.253985) 
(51.758222, -1.253964) 
(51.758227, -1.253947) 
(51.758243, -1.253904) 
(51.758252, -1.253883) 
(51.75826, -1.25386) 
(51.75827, -1.253839) 
(51.758283, -1.253785) 
(51.758298, -1.253771) 
(51.758307, -1.253748) 
(51.758316, -1.253724) 
(51.75834, -1.253683) 
(51.758349, -1.25366) 
(51.758358, -1.253637) 
(51.758367, -1.253614) 
(51.758384, -1.253568) 
(51.758384, -1.253568) 
(51.758397, -1.253534) 
(51.758397, -1.253534) 
(51.758428, -1.253455) 
(51.758436, -1.253433) 
(51.758444, -1.253412) 
(51.758452, -1.253389) 
(51.75847, -1.253349) 
(51.758477, -1.253327) 
(51.758485, -1.253306) 
(51.758492, -1.253285) 
(51.758506, -1.253246) 
(51.758519, -1.253206) 
(51.758526, -1.253189) 
(51.758538, -1.253156) 
(51.758543, -1.253141) 
(51.758564, -1.253095) 
(51.758583, -1.253054) 
(51.758583, -1.253043) 
(51.758593, -1.253006) 
(51.758596, -1.252973) 
(51.758602, -1.252954) 
(51.758602, -1.252945) 
(51.758607, -1.252894) 
(51.758604, -1.252877) 
(51.758594, -1.252854) 
(51.758589, -1.252845) 
(51.758571, -1.252823) 
(51.758553, -1.252804) 
(51.75854, -1.25279) 
(51.758515, -1.252778) 
(51.758505, -1.252767) 
(51.758461, -1.252763) 
(51.758447, -1.252754) 
(51.758444, -1.252706) 
(51.758429, -1.252705) 
(51.758411, -1.2527) 
(51.758399, -1.252688) 
(51.758389, -1.25265) 
(51.758374, -1.252639) 
(51.758362, -1.252625) 
(51.758347, -1.252618) 
(51.75832, -1.25259) 
(51.758308, -1.252571) 
(51.758294, -1.252561) 
(51.758282, -1.252546) 
(51.758259, -1.252521) 
(51.758246, -1.252515) 
(51.758209, -1.252541) 
(51.758203, -1.252516) 
(51.758178, -1.252487) 
(51.758166, -1.252469) 
(51.758151, -1.25246) 
(51.758122, -1.252449) 
(51.75812, -1.252422) 
(51.758106, -1.252403) 
(51.758091, -1.252391) 
(51.75806, -1.252372) 
(51.758047, -1.252358) 
(51.758044, -1.252338) 
(51.758023, -1.252331) 
(51.757995, -1.252311) 
(51.75798, -1.252301) 
(51.757968, -1.252285) 
(51.757955, -1.252276) 
(51.757929, -1.252254) 
(51.757915, -1.252246) 
(51.757902, -1.252236) 
(51.757885, -1.252228) 
(51.757855, -1.252214) 
(51.75784, -1.252204) 
(51.757825, -1.252195) 
(51.757812, -1.252186) 
(51.757782, -1.252169) 
(51.757768, -1.252159) 
(51.757754, -1.25215) 
(51.757738, -1.252146) 
(51.757712, -1.252122) 
(51.757698, -1.252112) 
(51.757683, -1.252107) 
(51.757655, -1.252089) 
(51.75764, -1.25208) 
(51.757625, -1.252072) 
(51.757611, -1.252064) 
(51.757583, -1.252053) 
(51.757568, -1.252048) 
(51.757554, -1.252042) 
(51.757525, -1.252029) 
(51.75751, -1.252026) 
(51.757496, -1.252019) 
(51.75746, -1.252016) 
(51.757453, -1.252002) 
(51.757442, -1.251997) 
(51.757385, -1.252018) 
(51.757392, -1.251982) 
(51.757358, -1.252007) 
(51.757348, -1.251996) 
(51.757331, -1.251981) 
(51.757318, -1.251974) 
(51.757305, -1.251963) 
(51.75729, -1.251958) 
(51.757268, -1.251958) 
(51.757253, -1.251952) 
(51.75723, -1.251937) 
(51.757214, -1.251931) 
(51.757179, -1.251926) 
(51.757163, -1.25192) 
(51.757148, -1.251914) 
(51.757133, -1.251909) 
(51.757101, -1.251898) 
(51.757086, -1.251892) 
(51.757071, -1.251886) 
(51.757056, -1.251879) 
(51.757031, -1.251867) 
(51.757015, -1.251864) 
(51.756998, -1.251858) 
(51.756978, -1.251865) 
(51.756951, -1.251849) 
(51.756934, -1.251844) 
(51.75692, -1.251837) 
(51.756903, -1.251835) 
(51.756872, -1.251831) 
(51.756855, -1.251828) 
(51.756839, -1.251826) 
(51.756822, -1.251823) 
(51.756783, -1.25182) 
(51.756767, -1.251807) 
(51.756748, -1.251806) 
(51.756721, -1.251793) 
(51.756705, -1.251792) 
(51.756687, -1.251786) 
(51.75666, -1.25178) 
(51.756642, -1.251776) 
(51.756607, -1.251768) 
(51.756593, -1.251763) 
(51.756581, -1.25175) 
(51.756567, -1.251743) 
(51.756534, -1.251735) 
(51.756517, -1.251734) 
(51.756497, -1.251728) 
(51.756479, -1.251728) 
(51.756444, -1.251724) 
(51.756428, -1.25172) 
(51.756412, -1.251719) 
(51.756395, -1.251716) 
(51.756362, -1.251713) 
(51.756346, -1.251712) 
(51.75633, -1.251708) 
(51.756313, -1.25171) 
(51.756279, -1.251706) 
(51.756264, -1.251703) 
(51.756246, -1.251695) 
(51.756228, -1.251694) 
(51.756194, -1.251687) 
(51.756176, -1.251685) 
(51.756159, -1.251682) 
(51.756142, -1.251678) 
(51.756108, -1.251679) 
(51.756092, -1.25168) 
(51.756075, -1.251679) 
(51.756058, -1.251678) 
(51.756023, -1.251678) 
(51.756009, -1.251676) 
(51.755991, -1.251675) 
(51.755973, -1.251676) 
(51.755938, -1.251677) 
(51.755921, -1.251677) 
(51.755904, -1.251677) 
(51.755887, -1.251677) 
(51.755853, -1.251677) 
(51.755835, -1.251676) 
(51.755817, -1.251676) 
(51.7558, -1.251675) 
(51.755765, -1.251675) 
(51.755748, -1.251673) 
(51.755731, -1.251672) 
(51.7557, -1.251632) 
(51.755667, -1.251631) 
(51.75565, -1.251631) 
(51.755641, -1.25163) 
(51.755618, -1.251631) 
(51.755582, -1.251627) 
(51.755567, -1.251632) 
(51.75555, -1.251633) 
(51.755535, -1.251636) 
(51.755514, -1.251668) 
(51.755484, -1.251632) 
(51.755469, -1.251634) 
(51.755458, -1.251646) 
(51.755432, -1.251659) 
(51.755407, -1.251642) 
(51.755391, -1.251644) 
(51.755376, -1.251645) 
(51.755355, -1.251675) 
(51.75534, -1.251674) 
(51.755326, -1.251683) 
(51.755312, -1.251682) 
(51.755284, -1.251683) 
(51.755268, -1.251673) 
(51.755243, -1.251678) 
(51.75523, -1.251681) 
(51.755204, -1.251675) 
(51.755182, -1.25168) 
(51.755163, -1.251683) 
(51.755145, -1.251686) 
(51.755128, -1.251687) 
(51.755111, -1.25168) 
(51.75509, -1.251681) 
(51.755072, -1.251677) 
(51.755044, -1.251655) 
(51.755026, -1.251649) 
(51.754957, -1.251839) 
(51.754996, -1.251711) 
(51.755089, -1.251715) 
(51.755075, -1.25175) 
(51.755069, -1.25177) 
(51.755069, -1.25177) 
(51.755009, -1.251854) 
(51.754998, -1.251877) 
(51.754979, -1.251921) 
(51.754965, -1.251943) 
(51.754975, -1.251987) 
(51.754998, -1.252015) 
(51.754998, -1.252068) 
(51.755014, -1.252094) 
(51.755008, -1.252118) 
(51.755015, -1.252142) 
(51.75503, -1.252189) 
(51.755033, -1.252211) 
(51.755029, -1.252236) 
(51.755029, -1.252259) 
(51.755028, -1.252305) 
(51.755031, -1.252329) 
(51.755033, -1.252355) 
(51.75503, -1.252378) 
(51.755037, -1.252428) 
(51.755036, -1.252453) 
(51.755037, -1.252478) 
(51.755039, -1.252502) 
(51.755045, -1.252549) 
(51.755044, -1.252573) 
(51.755042, -1.252598) 
(51.755043, -1.252622) 
(51.755046, -1.252674) 
(51.75505, -1.252697) 
(51.755052, -1.252723) 
(51.755053, -1.252747) 
(51.755053, -1.252795) 
(51.755054, -1.25282) 
(51.755058, -1.252846) 
(51.755055, -1.252869) 
(51.755055, -1.252917) 
(51.755056, -1.252942) 
(51.755054, -1.252964) 
(51.755053, -1.252988) 
(51.755054, -1.253035) 
(51.755066, -1.253052) 
(51.755064, -1.253077) 
(51.755066, -1.2531) 
(51.755053, -1.253155) 
(51.755051, -1.253177) 
(51.755051, -1.253201) 
(51.75505, -1.253225) 
(51.755043, -1.253267) 
(51.755039, -1.253287) 
(51.755033, -1.253304) 
(51.755037, -1.253334) 
(51.75501, -1.253397) 
(51.755037, -1.253405) 
(51.755035, -1.253429) 
(51.755035, -1.253454) 
(51.755035, -1.253501) 
(51.754995, -1.253545) 
(51.755028, -1.253547) 
(51.755048, -1.25359) 
(51.755044, -1.253637) 
(51.755021, -1.253639) 
(51.755017, -1.25366) 
(51.75502, -1.253688) 
(51.75502, -1.253739) 
(51.75502, -1.253764) 
(51.755021, -1.253789) 
(51.755022, -1.253816) 
(51.755023, -1.253864) 
(51.755022, -1.253888) 
(51.755022, -1.253912) 
(51.755033, -1.253969) 
(51.755031, -1.25399) 
(51.755027, -1.254031) 
(51.755024, -1.254069) 
(51.755022, -1.254087) 
(51.755017, -1.25412) 
(51.754991, -1.254148) 
(51.754987, -1.254167) 
(51.755012, -1.254215) 
(51.755004, -1.254249) 
(51.755089, -1.254304) 
(51.755089, -1.254304) 
(51.754965, -1.254323) 
(51.75493, -1.254335) 
(51.754938, -1.254368) 
(51.754935, -1.254396) 
(51.754941, -1.254419) 
(51.75493, -1.254441) 
(51.754911, -1.25445) 
(51.754898, -1.254462) 
(51.754879, -1.254498) 
(51.754881, -1.254538) 
(51.754862, -1.254566) 
(51.754838, -1.254599) 
(51.754831, -1.254618) 
(51.754822, -1.254635) 
(51.754812, -1.254673) 
(51.754803, -1.254691) 
(51.754795, -1.254707) 
(51.754786, -1.254724) 
(51.754767, -1.254762) 
(51.754759, -1.25478) 
(51.75475, -1.254799) 
(51.75474, -1.254815) 
(51.75472, -1.254855) 
(51.754713, -1.254872) 
(51.754706, -1.254892) 
(51.754692, -1.254902) 
(51.754678, -1.254946) 
(51.75467, -1.254964) 
(51.754662, -1.254982) 
(51.754651, -1.255026) 
(51.754637, -1.255064) 
(51.75463, -1.255084) 
(51.754617, -1.255123) 
(51.754606, -1.25514) 
(51.754598, -1.255159) 
(51.754588, -1.2552) 
(51.754582, -1.25522) 
(51.754569, -1.255259) 
(51.754562, -1.255279) 
(51.754545, -1.255311) 
(51.75453, -1.255347) 
(51.754525, -1.255366) 
(51.754514, -1.255408) 
(51.754501, -1.255446) 
(51.754493, -1.255462) 
(51.754479, -1.255492) 
(51.754468, -1.255533) 
(51.75446, -1.255554) 
(51.754448, -1.255595) 
(51.754426, -1.255617) 
(51.754423, -1.255657) 
(51.754414, -1.255676) 
(51.754408, -1.255715) 
(51.754404, -1.255736) 
(51.754397, -1.255775) 
(51.754394, -1.255819) 
(51.75439, -1.255842) 
(51.754378, -1.25588) 
(51.754374, -1.255902) 
(51.754368, -1.255943) 
(51.754364, -1.255965) 
(51.754363, -1.256008) 
(51.754359, -1.256049) 
(51.754356, -1.256068) 
(51.754356, -1.256108) 
(51.754352, -1.256128) 
(51.75435, -1.256168) 
(51.754349, -1.256188) 
(51.754343, -1.256226) 
(51.75434, -1.256247) 
(51.754335, -1.256286) 
(51.754331, -1.256324) 
(51.754356, -1.256336) 
(51.754358, -1.256374) 
(51.75435, -1.256394) 
(51.754345, -1.256431) 
(51.754341, -1.256451) 
(51.754333, -1.256489) 
(51.75433, -1.256525) 
(51.754328, -1.256543) 
(51.754323, -1.256576) 
(51.75432, -1.256609) 
(51.754315, -1.256642) 
(51.754309, -1.256673) 
(51.75431, -1.256701) 
(51.754311, -1.256728) 
(51.754308, -1.256755) 
(51.754305, -1.256793) 
(51.754304, -1.256819) 
(51.754306, -1.256843) 
(51.754304, -1.256884) 
(51.754302, -1.256911) 
(51.754303, -1.256939) 
(51.754302, -1.256965) 
(51.7543, -1.257003) 
(51.754301, -1.257026) 
(51.754298, -1.257056) 
(51.754301, -1.257082) 
(51.75431, -1.2571) 
(51.754326, -1.257113) 
(51.754338, -1.257116) 
(51.754357, -1.257104) 
(51.754365, -1.257086) 
(51.75437, -1.257061) 
(51.754378, -1.257042) 
(51.754382, -1.257009) 
(51.754384, -1.256991) 
(51.754387, -1.256953) 
(51.754356, -1.256957) 
(51.754383, -1.256909) 
(51.754387, -1.256869) 
(51.754388, -1.256848) 
(51.754392, -1.256807) 
(51.754394, -1.256787) 
(51.754397, -1.256746) 
(51.754399, -1.256726) 
(51.754403, -1.256684) 
(51.754406, -1.256642) 
(51.754408, -1.25662) 
(51.754412, -1.256577) 
(51.754414, -1.256555) 
(51.754429, -1.256496) 
(51.754432, -1.256477) 
(51.754438, -1.256438) 
(51.754437, -1.25641) 
(51.75443, -1.256385) 
(51.754434, -1.256342) 
(51.754436, -1.256321) 
(51.754441, -1.256279) 
(51.754443, -1.256258) 
(51.754447, -1.256216) 
(51.75445, -1.256197) 
(51.754455, -1.256155) 
(51.754469, -1.256095) 
(51.754472, -1.256073) 
(51.754476, -1.256031) 
(51.754482, -1.255992) 
(51.754484, -1.255971) 
(51.754489, -1.255929) 
(51.754493, -1.255888) 
(51.754495, -1.255869) 
(51.7545, -1.255828) 
(51.754503, -1.255807) 
(51.754506, -1.255765) 
(51.754509, -1.255723) 
(51.754509, -1.255699) 
(51.754513, -1.255663) 
(51.754516, -1.255624) 
(51.754519, -1.255583) 
(51.75452, -1.255564) 
(51.754524, -1.255524) 
(51.754526, -1.255506) 
(51.754532, -1.255471) 
(51.754539, -1.255437) 
(51.754546, -1.255405) 
(51.754559, -1.255364) 
(51.754567, -1.255333) 
(51.754566, -1.25531) 
(51.754572, -1.25528) 
(51.754579, -1.255252) 
(51.754589, -1.255229) 
(51.754597, -1.255199) 
(51.7546, -1.255199) 
(51.75461, -1.25517) 
(51.75462, -1.255141) 
(51.754631, -1.255115) 
(51.754642, -1.255088) 
(51.754653, -1.255062) 
(51.754664, -1.255036) 
(51.754675, -1.25501) 
(51.754686, -1.254985) 
(51.754697, -1.25496) 
(51.754707, -1.254938) 
(51.754717, -1.254917) 
(51.754733, -1.254868) 
(51.754746, -1.254837) 
(51.754757, -1.254809) 
(51.75477, -1.254785) 
(51.754782, -1.254763) 
(51.754788, -1.254773) 
(51.754802, -1.25471) 
(51.754814, -1.254725) 
(51.754823, -1.254705) 
(51.754844, -1.254648) 
(51.754853, -1.254625) 
(51.754866, -1.254601) 
(51.754882, -1.254582) 
(51.754887, -1.25459) 
(51.7549, -1.254573) 
(51.754915, -1.254557) 
(51.754934, -1.254546) 
(51.75494, -1.254518) 
(51.754956, -1.254521) 
(51.754972, -1.254528) 
(51.755024, -1.254509) 
(51.755042, -1.254519) 
(51.755062, -1.254528) 
(51.755097, -1.254533) 
(51.75511, -1.254553) 
(51.755116, -1.254565) 
(51.755138, -1.25458) 
(51.75515, -1.254588) 
(51.755175, -1.254602) 
(51.755188, -1.254609) 
(51.755213, -1.254627) 
(51.755239, -1.254643) 
(51.755252, -1.254651) 
(51.755266, -1.254658) 
(51.755294, -1.254672) 
(51.755307, -1.25468) 
(51.755321, -1.254688) 
(51.755347, -1.254706) 
(51.755356, -1.254714) 
(51.75537, -1.254724) 
(51.755385, -1.254731) 
(51.755406, -1.254746) 
(51.755419, -1.254754) 
(51.755433, -1.254763) 
(51.755463, -1.254779) 
(51.755472, -1.254797) 
(51.755485, -1.254814) 
(51.755535, -1.254797) 
(51.755549, -1.254808) 
(51.755574, -1.254846) 
(51.755591, -1.254857) 
(51.755591, -1.254857) 
(51.755606, -1.254875) 
(51.755621, -1.254893) 
(51.755638, -1.254905) 
(51.755656, -1.254918) 
(51.755679, -1.254921) 
(51.755697, -1.254933) 
(51.755729, -1.254965) 
(51.75575, -1.254976) 
(51.755766, -1.254989) 
(51.755799, -1.254996) 
(51.755818, -1.25501) 
(51.755834, -1.255019) 
(51.755852, -1.255036) 
(51.755861, -1.255043) 
(51.755861, -1.255043) 
(51.75587, -1.255049) 
(51.75587, -1.255049) 
(51.75587, -1.255049) 
(51.75592, -1.255118) 
(51.755935, -1.255137) 
(51.755952, -1.255153) 
(51.755972, -1.255168) 
(51.755989, -1.255165) 
(51.755984, -1.255212) 
(51.756026, -1.255189) 
(51.756048, -1.255203) 
(51.756065, -1.255217) 
(51.756115, -1.255188) 
(51.75612, -1.255216) 
(51.756127, -1.255242) 
(51.756136, -1.255268) 
(51.75615, -1.255289) 
(51.756166, -1.255304) 
(51.756202, -1.255328) 
(51.756214, -1.255342) 
(51.756232, -1.255347) 
(51.756254, -1.255354) 
(51.756285, -1.255373) 
(51.756305, -1.255374) 
(51.756329, -1.255372) 
(51.756336, -1.255394) 
(51.756371, -1.255414) 
(51.756374, -1.255432) 
(51.756379, -1.255443) 
(51.756408, -1.255465) 
(51.756449, -1.255486) 
(51.756467, -1.255501) 
(51.756471, -1.255506) 
(51.756489, -1.255522) 
(51.756526, -1.255526) 
(51.756518, -1.255569) 
(51.756548, -1.255563) 
(51.756547, -1.255598) 
(51.756611, -1.255576) 
(51.756611, -1.255576) 
(51.756634, -1.255596) 
(51.756688, -1.255564) 
(51.756647, -1.255624) 
(51.756669, -1.255647) 
(51.756687, -1.255658) 
(51.756708, -1.255668) 
(51.756748, -1.255681) 
(51.756758, -1.25568) 
(51.756771, -1.255693) 
(51.756791, -1.2557) 
(51.756827, -1.255724) 
(51.756836, -1.255741) 
(51.756859, -1.255751) 
(51.756872, -1.255758) 
(51.756909, -1.255767) 
(51.75693, -1.255778) 
(51.756945, -1.25579) 
(51.756957, -1.255806) 
(51.756988, -1.255829) 
(51.757, -1.255834) 
(51.757016, -1.255848) 
(51.75703, -1.255867) 
(51.75707, -1.255856) 
(51.757075, -1.255862) 
(51.757095, -1.255878) 
(51.757097, -1.255901) 
(51.757126, -1.255924) 
(51.757129, -1.255937) 
(51.757152, -1.255955) 
(51.757152, -1.255955) 
(51.757152, -1.255955) 
(51.757259, -1.255928) 
(51.757259, -1.255928) 
(51.757259, -1.255928) 
(51.757259, -1.255928) 
(51.757316, -1.255993) 
(51.757316, -1.255993) 
(51.757316, -1.255993) 
(51.757306, -1.256124) 
(51.757315, -1.25609) 
(51.757387, -1.256068) 
(51.7574, -1.256102) 
(51.757417, -1.256106) 
(51.757433, -1.256115) 
(51.757449, -1.256123) 
(51.757467, -1.256141) 
(51.757481, -1.256149) 
(51.757495, -1.256195) 
(51.757519, -1.25621) 
(51.757535, -1.256221) 
(51.757552, -1.25623) 
(51.757545, -1.256297) 
(51.757586, -1.256245) 
(51.757603, -1.256262) 
(51.757621, -1.256275) 
(51.75764, -1.256284) 
(51.757659, -1.256296) 
(51.75768, -1.256301) 
(51.757699, -1.256316) 
(51.757712, -1.256311) 
(51.757732, -1.256326) 
(51.757755, -1.256333) 
(51.757763, -1.256348) 
(51.757779, -1.256369) 
(51.757812, -1.256351) 
(51.757803, -1.256399) 
(51.757822, -1.256421) 
(51.757825, -1.256461) 
(51.757841, -1.256492) 
(51.75787, -1.256473) 
(51.757892, -1.256476) 
(51.757919, -1.256464) 
(51.75794, -1.256464) 
(51.757957, -1.256484) 
(51.757986, -1.256466) 
(51.758003, -1.256486) 
(51.757992, -1.256566) 
(51.758019, -1.256547) 
(51.758041, -1.256531) 
(51.758001, -1.256607) 
(51.758002, -1.256609) 
(51.757998, -1.256625) 
(51.757989, -1.256659) 
(51.757981, -1.256683) 
(51.758156, -1.256558) 
(51.758149, -1.256587) 
(51.75808, -1.256687) 
(51.757987, -1.256803) 
(51.757982, -1.256822) 
(51.757962, -1.256859) 
(51.75795, -1.256877) 
(51.757942, -1.256906) 
(51.757923, -1.256948) 
(51.757935, -1.256956) 
(51.757923, -1.256997) 
(51.75792, -1.25701) 
(51.7579, -1.257055) 
(51.757884, -1.257069) 
(51.757879, -1.257099) 
(51.757862, -1.25712) 
(51.757865, -1.257149) 
(51.757833, -1.257186) 
(51.757827, -1.257204) 
(51.757856, -1.257247) 
(51.75785, -1.257264) 
(51.757828, -1.257297) 
(51.757847, -1.257308) 
(51.757832, -1.257349) 
(51.757804, -1.257369) 
(51.757808, -1.257382) 
(51.757797, -1.257414) 
(51.757799, -1.257459) 
(51.757788, -1.257485) 
(51.757767, -1.257498) 
(51.757759, -1.257526) 
(51.757756, -1.257564) 
(51.757769, -1.257607) 
(51.757759, -1.257607) 
(51.757764, -1.25762) 
(51.757776, -1.257644) 
(51.757791, -1.257662) 
(51.757794, -1.257721) 
(51.757767, -1.25772) 
(51.757803, -1.257696) 
(51.757803, -1.257696) 
(51.757803, -1.257696) 
(51.757803, -1.257696) 
(51.757803, -1.257696) 
(51.757995, -1.257707) 
(51.75796, -1.257803) 
(51.75798, -1.257801) 
(51.758024, -1.257769) 
(51.757977, -1.257892) 
(51.757993, -1.257904) 
(51.758016, -1.257895) 
(51.758043, -1.257893) 
(51.757996, -1.258015) 
(51.75805, -1.257966) 
(51.758059, -1.257983) 
(51.758074, -1.257995) 
(51.758109, -1.258004) 
(51.758128, -1.258008) 
(51.758143, -1.25802) 
(51.758156, -1.258026) 
(51.758169, -1.258068) 
(51.758169, -1.258095) 
(51.758191, -1.2581) 
(51.75822, -1.258111) 
(51.758234, -1.258118) 
(51.758268, -1.258139) 
(51.758266, -1.258151) 
(51.758285, -1.258176) 
(51.758296, -1.258177) 
(51.758332, -1.25821) 
(51.758332, -1.25821) 
(51.758332, -1.25821) 
(51.758332, -1.25821) 
(51.758365, -1.258334) 
(51.758372, -1.258353) 
(51.758388, -1.258378) 
(51.758401, -1.258394) 
(51.758408, -1.258408) 
(51.758444, -1.258439) 
(51.758454, -1.258484) 
(51.758437, -1.258506) 
(51.758454, -1.258532) 
(51.758465, -1.25855) 
(51.7585, -1.258575) 
(51.758508, -1.258579) 
(51.758518, -1.258628) 
(51.758527, -1.258646) 
(51.758533, -1.258658) 
(51.758546, -1.258685) 
(51.758571, -1.258714) 
(51.7586, -1.258697) 
(51.758597, -1.258749) 
(51.758543, -1.258843) 
(51.758634, -1.258757) 
(51.758601, -1.258832) 
(51.758709, -1.25874) 
(51.758634, -1.258884) 
(51.758853, -1.258611) 
(51.758851, -1.258654) 
(51.758801, -1.258781) 
(51.758796, -1.258832) 
(51.758811, -1.258888) 
(51.758771, -1.258943) 
(51.758757, -1.259029) 
(51.758779, -1.259019) 
(51.75878, -1.259061) 
(51.758791, -1.259086) 
(51.758799, -1.259109) 
(51.75881, -1.25916) 
(51.758823, -1.259153) 
(51.75884, -1.259176) 
(51.758852, -1.259187) 
(51.758856, -1.259247) 
(51.758895, -1.259223) 
(51.758908, -1.259232) 
(51.758929, -1.259239) 
(51.75894, -1.259251) 
(51.758966, -1.259255) 
(51.758975, -1.259291) 
(51.758995, -1.259287) 
(51.759019, -1.259267) 
(51.759033, -1.259281) 
(51.759047, -1.259316) 
(51.759066, -1.259315) 
(51.759081, -1.259325) 
(51.759097, -1.259335) 
(51.759113, -1.259345) 
(51.759129, -1.259355) 
(51.759151, -1.259374) 
(51.75924, -1.259258) 
(51.759254, -1.259267) 
(51.75925, -1.259295) 
(51.759229, -1.259405) 
(51.759254, -1.259389) 
(51.759267, -1.2594) 
(51.759281, -1.259395) 
(51.759305, -1.259385) 
(51.759316, -1.259374) 
(51.759328, -1.259353) 
(51.75934, -1.259329) 
(51.759346, -1.259302) 
(51.759355, -1.259267) 
(51.759358, -1.259252) 
(51.759367, -1.259217) 
(51.759376, -1.259182) 
(51.759378, -1.259167) 
(51.759387, -1.259129) 
(51.759391, -1.25911) 
(51.759399, -1.259074) 
(51.759404, -1.259052) 
(51.759412, -1.259012) 
(51.75942, -1.25897) 
(51.759425, -1.25895) 
(51.759433, -1.258912) 
(51.759439, -1.258888) 
(51.759447, -1.258843) 
(51.759451, -1.258823) 
(51.75946, -1.258787) 
(51.759461, -1.258761) 
(51.759471, -1.258718) 
(51.759482, -1.258682) 
(51.759486, -1.258663) 
(51.759495, -1.258625) 
(51.759499, -1.258605) 
(51.759507, -1.258568) 
(51.759511, -1.258548) 
(51.759519, -1.258509) 
(51.759528, -1.258472) 
(51.759532, -1.258454) 
(51.759542, -1.258418) 
(51.759546, -1.258398) 
(51.759555, -1.258359) 
(51.759559, -1.258341) 
(51.759568, -1.258303) 
(51.759572, -1.258283) 
(51.759581, -1.258247) 
(51.759589, -1.258208) 
(51.759593, -1.25819) 
(51.759601, -1.258152) 
(51.759604, -1.258135) 
(51.759616, -1.25811) 
(51.759624, -1.258076) 
(51.759631, -1.258041) 
(51.759641, -1.258024) 
(51.759648, -1.257992) 
(51.759655, -1.257962) 
(51.759662, -1.257934) 
(51.759669, -1.257905) 
(51.759669, -1.257876) 
(51.759642, -1.257844) 
(51.759655, -1.257817) 
(51.759683, -1.257799) 
(51.759693, -1.257774) 
(51.759694, -1.257746) 
(51.75971, -1.257725) 
(51.759717, -1.257704) 
(51.759737, -1.257697) 
(51.759755, -1.257695) 
(51.759764, -1.257711) 
(51.7598, -1.25772) 
(51.759827, -1.257745) 
(51.75984, -1.25776) 
(51.759848, -1.257773) 
(51.759865, -1.257804) 
(51.759873, -1.257818) 
(51.759888, -1.257852) 
(51.759905, -1.257884) 
(51.759914, -1.257902) 
(51.759933, -1.257935) 
(51.75994, -1.257961) 
(51.759949, -1.257971) 
(51.75996, -1.257989) 
(51.759976, -1.258026) 
(51.759987, -1.258045) 
(51.759997, -1.258068) 
(51.760006, -1.258085) 
(51.760026, -1.258122) 
(51.760036, -1.25814) 
(51.760044, -1.258155) 
(51.760055, -1.258173) 
(51.760077, -1.25821) 
(51.760087, -1.258229) 
(51.760096, -1.258248) 
(51.760104, -1.258263) 
(51.760126, -1.258307) 
(51.760138, -1.25832) 
(51.760159, -1.258338) 
(51.76017, -1.258356) 
(51.760201, -1.258373) 
(51.760207, -1.258397) 
(51.760231, -1.258395) 
(51.760244, -1.258408) 
(51.760266, -1.258442) 
(51.760279, -1.258457) 
(51.760291, -1.258475) 
(51.76032, -1.258495) 
(51.760331, -1.258515) 
(51.760336, -1.258546) 
(51.760348, -1.258557) 
(51.760373, -1.258588) 
(51.760376, -1.258624) 
(51.760379, -1.25866) 
(51.760394, -1.258669) 
(51.760421, -1.258696) 
(51.760433, -1.258712) 
(51.760447, -1.258724) 
(51.760458, -1.258742) 
(51.760484, -1.258771) 
(51.760497, -1.258783) 
(51.760509, -1.258801) 
(51.76052, -1.258818) 
(51.760543, -1.258849) 
(51.760557, -1.258862) 
(51.760571, -1.258877) 
(51.760585, -1.258891) 
(51.76061, -1.258922) 
(51.760624, -1.258934) 
(51.760635, -1.258959) 
(51.760647, -1.258974) 
(51.76067, -1.259014) 
(51.760686, -1.259034) 
(51.760698, -1.259052) 
(51.760711, -1.259072) 
(51.760736, -1.259106) 
(51.76075, -1.25912) 
(51.760764, -1.259133) 
(51.760792, -1.259165) 
(51.760804, -1.25919) 
(51.76082, -1.259198) 
(51.760846, -1.259235) 
(51.76086, -1.259249) 
(51.760871, -1.259266) 
(51.760884, -1.259286) 
(51.760911, -1.259316) 
(51.760924, -1.259326) 
(51.760926, -1.259363) 
(51.76095, -1.259362) 
(51.760972, -1.259401) 
(51.760981, -1.259425) 
(51.761009, -1.25942) 
(51.761023, -1.259437) 
(51.761054, -1.259463) 
(51.761072, -1.25947) 
(51.761088, -1.259481) 
(51.761102, -1.259497) 
(51.761133, -1.259521) 
(51.761148, -1.259533) 
(51.761162, -1.259548) 
(51.761176, -1.259557) 
(51.761212, -1.259557) 
(51.761225, -1.25958) 
(51.761238, -1.259585) 
(51.761256, -1.259599) 
(51.761298, -1.259596) 
(51.761317, -1.259599) 
(51.76133, -1.259612) 
(51.761341, -1.259632) 
(51.761368, -1.259656) 
(51.761378, -1.259673) 
(51.761394, -1.259676) 
(51.761423, -1.259691) 
(51.761439, -1.259693) 
(51.76146, -1.259716) 
(51.761478, -1.259741) 
(51.76149, -1.259745) 
(51.761518, -1.259747) 
(51.761517, -1.259777) 
(51.761535, -1.259792) 
(51.761558, -1.259796) 
(51.761579, -1.259801) 
(51.761599, -1.259808) 
(51.761614, -1.25982) 
(51.76163, -1.259825) 
(51.761651, -1.259837) 
(51.761671, -1.259848) 
(51.761689, -1.259863) 
(51.761702, -1.259872) 
(51.761723, -1.25989) 
(51.761738, -1.259903) 
(51.761751, -1.259922) 
(51.761771, -1.259967) 
(51.761787, -1.260018) 
(51.761793, -1.26005) 
(51.761799, -1.260081) 
(51.761802, -1.260111) 
(51.761804, -1.260138) 
(51.761808, -1.260181) 
(51.76181, -1.260204) 
(51.761814, -1.26024) 
(51.761817, -1.260264) 
(51.761821, -1.260288) 
(51.761827, -1.260312) 
(51.76184, -1.260347) 
(51.761852, -1.260367) 
(51.761865, -1.260385) 
(51.761881, -1.260402) 
(51.7619, -1.260416) 
(51.76191, -1.260422) 
(51.761931, -1.260433) 
(51.761938, -1.260424) 
(51.76196, -1.260432) 
(51.761981, -1.260438) 
(51.762002, -1.260444) 
(51.762024, -1.26045) 
(51.762036, -1.260452) 
(51.762058, -1.260456) 
(51.762072, -1.260461) 
(51.762099, -1.26045) 
(51.762126, -1.260457) 
(51.762127, -1.260425) 
(51.762169, -1.26048) 
(51.762182, -1.260475) 
(51.762195, -1.260477) 
(51.762236, -1.260461) 
(51.762233, -1.260502) 
(51.762247, -1.260501) 
(51.762261, -1.260501) 
(51.762302, -1.260478) 
(51.76231, -1.260506) 
(51.762326, -1.260509) 
(51.762336, -1.260514) 
(51.762356, -1.260547) 
(51.762384, -1.260538) 
(51.762403, -1.260559) 
(51.762417, -1.260551) 
(51.762431, -1.260537) 
(51.762464, -1.260544) 
(51.762481, -1.260556) 
(51.762496, -1.260552) 
(51.762516, -1.260555) 
(51.762552, -1.260569) 
(51.762571, -1.260566) 
(51.762588, -1.26057) 
(51.762605, -1.260573) 
(51.762633, -1.260583) 
(51.76265, -1.260585) 
(51.762666, -1.260586) 
(51.762682, -1.260587) 
(51.762711, -1.260601) 
(51.762725, -1.2606) 
(51.762742, -1.260603) 
(51.762765, -1.260615) 
(51.762789, -1.260605) 
(51.762815, -1.260611) 
(51.762829, -1.260611) 
(51.762848, -1.260622) 
(51.762865, -1.260627) 
(51.762889, -1.260628) 
(51.762899, -1.260631) 
(51.762922, -1.260648) 
(51.762969, -1.260638) 
(51.762969, -1.260673) 
(51.762966, -1.260697) 
(51.76297, -1.260739) 
(51.762965, -1.260765) 
(51.762972, -1.260811) 
(51.762967, -1.260842) 
(51.762957, -1.260883) 
(51.762935, -1.260857) 
(51.762952, -1.260934) 
(51.762941, -1.260933) 
(51.76295, -1.26098) 
(51.762944, -1.261011) 
(51.762939, -1.26104) 
(51.762942, -1.261064) 
(51.762932, -1.261113) 
(51.762922, -1.261129) 
(51.762919, -1.26115) 
(51.762916, -1.261179) 
(51.762909, -1.261231) 
(51.762903, -1.261258) 
(51.76289, -1.261305) 
(51.76289, -1.261322) 
(51.762879, -1.261373) 
(51.762873, -1.261391) 
(51.762858, -1.261422) 
(51.762859, -1.261446) 
(51.762845, -1.261503) 
(51.762838, -1.261519) 
(51.762831, -1.261541) 
(51.76283, -1.261563) 
(51.762817, -1.261604) 
(51.762811, -1.261628) 
(51.762806, -1.26166) 
(51.762803, -1.261686) 
(51.762792, -1.261735) 
(51.762787, -1.261758) 
(51.76278, -1.261779) 
(51.762773, -1.261805) 
(51.762757, -1.26185) 
(51.76275, -1.261867) 
(51.762742, -1.261893) 
(51.762743, -1.261913) 
(51.762733, -1.261961) 
(51.76273, -1.26199) 
(51.762724, -1.262015) 
(51.76272, -1.262039) 
(51.762711, -1.262086) 
(51.762705, -1.262112) 
(51.7627, -1.262135) 
(51.762694, -1.262158) 
(51.762683, -1.262204) 
(51.762678, -1.262225) 
(51.762672, -1.262246) 
(51.762661, -1.262288) 
(51.762656, -1.262311) 
(51.76265, -1.262334) 
(51.762646, -1.262355) 
(51.762634, -1.2624) 
(51.76263, -1.262421) 
(51.762624, -1.262444) 
(51.762615, -1.262487) 
(51.762611, -1.262508) 
(51.762602, -1.262548) 
(51.762599, -1.262569) 
(51.762589, -1.262609) 
(51.762581, -1.262649) 
(51.762571, -1.26268) 
(51.762563, -1.262724) 
(51.762559, -1.262743) 
(51.762534, -1.262782) 
(51.762532, -1.262807) 
(51.762508, -1.262826) 
(51.762519, -1.262859) 
(51.762522, -1.262901) 
(51.762479, -1.262913) 
(51.762489, -1.262954) 
(51.762488, -1.262975) 
(51.76248, -1.262991) 
(51.76246, -1.263015) 
(51.762473, -1.262993) 
(51.762433, -1.263064) 
(51.762424, -1.26306) 
(51.762406, -1.263051) 
(51.762378, -1.263062) 
(51.762357, -1.263044) 
(51.762346, -1.26304) 
(51.762325, -1.263022) 
(51.762305, -1.263032) 
(51.762291, -1.262997) 
(51.762267, -1.262982) 
(51.762248, -1.262965) 
(51.762224, -1.262964) 
(51.762204, -1.262963) 
(51.762195, -1.262964) 
(51.762179, -1.262971) 
(51.762159, -1.262995) 
(51.762141, -1.263022) 
(51.762132, -1.263037) 
(51.76212, -1.263064) 
(51.762111, -1.263094) 
(51.762104, -1.263122) 
(51.762093, -1.263148) 
(51.762093, -1.26317) 
(51.762083, -1.263199) 
(51.762075, -1.263221) 
(51.762059, -1.263252) 
(51.762029, -1.263287) 
(51.761981, -1.263292) 
(51.762022, -1.263328) 
(51.762012, -1.263369) 
(51.762003, -1.263395) 
(51.762016, -1.263422) 
(51.762, -1.26346) 
(51.761992, -1.263464) 
(51.761978, -1.263508) 
(51.761971, -1.263528) 
(51.761951, -1.263559) 
(51.76196, -1.263585) 
(51.761954, -1.26361) 
(51.761943, -1.263645) 
(51.761937, -1.263673) 
(51.761925, -1.263713) 
(51.761922, -1.263725) 
(51.761919, -1.263753) 
(51.761911, -1.263779) 
(51.761901, -1.263812) 
(51.761892, -1.26384) 
(51.761879, -1.263863) 
(51.761872, -1.263887) 
(51.761855, -1.263903) 
(51.761848, -1.263918) 
(51.761837, -1.26395) 
(51.76182, -1.263968) 
(51.761814, -1.263985) 
(51.761805, -1.264025) 
(51.761791, -1.264057) 
(51.761784, -1.264078) 
(51.761768, -1.264112) 
(51.761759, -1.264131) 
(51.761738, -1.264174) 
(51.76173, -1.26419) 
(51.761724, -1.264224) 
(51.761713, -1.264242) 
(51.761705, -1.264274) 
(51.761684, -1.264313) 
(51.761674, -1.264331) 
(51.761661, -1.264366) 
(51.761651, -1.264385) 
(51.761632, -1.264419) 
(51.761626, -1.264433) 
(51.761605, -1.264478) 
(51.761595, -1.264507) 
(51.761585, -1.26453) 
(51.76157, -1.264559) 
(51.761565, -1.264574) 
(51.761551, -1.264606) 
(51.76154, -1.264625) 
(51.761533, -1.264653) 
(51.761524, -1.264669) 
(51.76151, -1.264705) 
(51.761497, -1.264741) 
(51.761489, -1.26476) 
(51.761474, -1.264795) 
(51.761467, -1.264813) 
(51.761451, -1.264848) 
(51.761444, -1.264866) 
(51.761427, -1.264899) 
(51.76141, -1.264935) 
(51.761402, -1.264952) 
(51.761386, -1.264991) 
(51.76138, -1.265008) 
(51.761366, -1.265041) 
(51.761352, -1.265064) 
(51.76134, -1.265095) 
(51.761338, -1.265106) 
(51.761323, -1.26514) 
(51.761306, -1.265178) 
(51.7613, -1.265208) 
(51.761284, -1.265243) 
(51.761276, -1.265262) 
(51.761257, -1.265304) 
(51.761251, -1.26532) 
(51.761236, -1.265354) 
(51.761228, -1.265371) 
(51.76121, -1.26541) 
(51.761203, -1.265429) 
(51.761184, -1.26547) 
(51.761172, -1.265479) 
(51.761164, -1.265499) 
(51.761146, -1.26553) 
(51.761138, -1.265563) 
(51.761122, -1.265582) 
(51.761115, -1.2656) 
(51.761105, -1.265641) 
(51.761097, -1.265662) 
(51.761088, -1.265683) 
(51.761079, -1.265702) 
(51.76106, -1.265736) 
(51.76105, -1.265754) 
(51.761041, -1.265771) 
(51.761034, -1.265793) 
(51.761017, -1.265833) 
(51.76101, -1.265856) 
(51.761003, -1.265876) 
(51.760995, -1.265896) 
(51.760976, -1.265933) 
(51.760968, -1.265951) 
(51.76096, -1.265971) 
(51.760951, -1.265989) 
(51.760935, -1.266028) 
(51.760928, -1.266047) 
(51.76092, -1.266065) 
(51.760904, -1.266102) 
(51.760897, -1.266121) 
(51.760881, -1.266157) 
(51.760874, -1.266176) 
(51.760858, -1.266212) 
(51.76085, -1.266231) 
(51.760834, -1.266268) 
(51.760819, -1.266304) 
(51.760812, -1.266322) 
(51.760797, -1.266357) 
(51.760792, -1.266371) 
(51.760777, -1.266406) 
(51.760769, -1.266422) 
(51.760755, -1.266458) 
(51.760742, -1.266498) 
(51.760735, -1.266514) 
(51.760723, -1.266544) 
(51.760708, -1.266609) 
(51.760702, -1.266622) 
(51.760686, -1.26666) 
(51.760678, -1.266647) 
(51.760667, -1.266673) 
(51.760655, -1.266701) 
(51.760642, -1.266725) 
(51.760618, -1.26674) 
(51.760606, -1.266744) 
(51.760573, -1.266747) 
(51.760567, -1.26674) 
(51.760553, -1.26671) 
(51.760534, -1.266681) 
(51.760522, -1.266669) 
(51.760507, -1.266664) 
(51.760498, -1.266636) 
(51.760475, -1.266604) 
(51.760463, -1.266582) 
(51.760449, -1.266567) 
(51.760435, -1.266546) 
(51.760409, -1.266514) 
(51.760397, -1.266499) 
(51.760384, -1.266485) 
(51.760371, -1.266469) 
(51.760349, -1.266437) 
(51.760339, -1.266422) 
(51.760328, -1.266406) 
(51.760304, -1.266378) 
(51.760291, -1.266362) 
(51.760279, -1.266346) 
(51.760268, -1.266328) 
(51.760245, -1.266303) 
(51.760233, -1.266287) 
(51.760221, -1.266272) 
(51.760213, -1.266249) 
(51.760161, -1.266275) 
(51.760156, -1.266247) 
(51.760133, -1.266253) 
(51.760154, -1.266181) 
(51.760131, -1.266149) 
(51.760119, -1.266134) 
(51.760106, -1.266119) 
(51.760095, -1.266103) 
(51.760071, -1.266074) 
(51.76006, -1.266064) 
(51.760048, -1.266052) 
(51.760025, -1.266028) 
(51.760002, -1.266004) 
(51.759992, -1.265992) 
(51.759969, -1.265969) 
(51.759958, -1.265957) 
(51.759936, -1.265931) 
(51.759926, -1.265919) 
(51.759905, -1.265896) 
(51.759896, -1.265882) 
(51.759873, -1.265862) 
(51.759855, -1.265834) 
(51.759848, -1.265817) 
(51.759826, -1.265797) 
(51.75982, -1.265777) 
(51.759793, -1.265767) 
(51.759784, -1.265752) 
(51.759767, -1.26572) 
(51.75976, -1.26572) 
(51.75975, -1.265706) 
(51.759731, -1.265679) 
(51.759722, -1.265666) 
(51.759704, -1.265638) 
(51.759695, -1.265625) 
(51.759678, -1.265597) 
(51.75967, -1.265583) 
(51.759654, -1.265559) 
(51.759636, -1.265533) 
(51.759628, -1.26552) 
(51.75961, -1.265497) 
(51.759601, -1.265483) 
(51.759582, -1.265455) 
(51.759573, -1.265442) 
(51.759552, -1.265414) 
(51.759532, -1.265384) 
(51.759523, -1.26537) 
(51.759503, -1.265341) 
(51.759493, -1.265327) 
(51.759474, -1.265299) 
(51.759464, -1.265286) 
(51.759445, -1.265259) 
(51.759435, -1.265245) 
(51.759416, -1.265218) 
(51.759397, -1.265191) 
(51.759387, -1.265177) 
(51.75937, -1.265149) 
(51.75936, -1.265135) 
(51.759342, -1.265109) 
(51.759332, -1.265095) 
(51.759314, -1.265068) 
(51.759296, -1.265041) 
(51.759286, -1.265028) 
(51.75927, -1.265002) 
(51.759254, -1.264979) 
(51.759246, -1.264968) 
(51.759232, -1.264947) 
(51.759218, -1.264924) 
(51.759203, -1.264903) 
(51.759188, -1.26488) 
(51.759172, -1.264855) 
(51.759164, -1.264843) 
(51.759148, -1.264817) 
(51.759139, -1.264804) 
(51.759121, -1.264777) 
(51.759102, -1.264748) 
(51.759083, -1.264718) 
(51.759073, -1.264702) 
(51.759053, -1.26467) 
(51.759043, -1.264654) 
(51.759032, -1.264637) 
(51.75901, -1.264602) 
(51.758999, -1.264585) 
(51.758988, -1.264567) 
(51.758966, -1.264532) 
(51.758955, -1.264514) 
(51.758933, -1.264481) 
(51.758923, -1.264464) 
(51.758912, -1.264448) 
(51.758888, -1.264422) 
(51.758879, -1.264408) 
(51.758859, -1.264378) 
(51.75884, -1.264349) 
(51.75883, -1.264335) 
(51.758811, -1.264307) 
(51.758801, -1.264293) 
(51.758782, -1.264266) 
(51.758773, -1.264252) 
(51.758755, -1.264227) 
(51.758739, -1.264202) 
(51.758723, -1.26418) 
(51.758706, -1.264162) 
(51.758676, -1.264123) 
(51.758668, -1.264093) 
(51.758653, -1.264079) 
(51.758634, -1.264072) 
(51.758645, -1.264046) 
(51.758634, -1.264027) 
(51.758656, -1.263956) 
(51.758647, -1.263932) 
(51.758631, -1.263919) 
(51.758446, -1.264146) 
(51.758428, -1.264129) 
(51.758413, -1.264105) 
(51.758477, -1.26395) 
(51.758461, -1.263925) 
(51.758476, -1.263847) 
(51.758456, -1.263853) 
(51.758446, -1.263816) 
(51.758426, -1.263818) 
(51.758422, -1.263772) 
(51.758413, -1.26376) 
(51.758389, -1.263747) 
(51.758365, -1.263733) 
(51.758348, -1.263738) 
(51.758323, -1.263735) 
(51.758309, -1.263732) 
(51.758292, -1.263709) 
(51.758285, -1.263694) 
(51.758263, -1.263685) 
(51.758249, -1.263664) 
(51.758228, -1.263655) 
(51.758216, -1.263644) 
(51.758197, -1.263636) 
(51.758175, -1.263616) 
(51.758165, -1.263604) 
(51.758158, -1.263572) 
(51.75812, -1.263588) 
(51.758107, -1.263583) 
(51.758091, -1.263574) 
(51.758063, -1.263567) 
(51.758054, -1.263564) 
(51.758034, -1.263554) 
(51.758015, -1.263547) 
(51.757984, -1.263535) 
(51.757963, -1.263526) 
(51.757951, -1.263524) 
(51.757926, -1.26352) 
(51.7579, -1.263517) 
(51.757888, -1.263514) 
(51.757861, -1.263522) 
(51.757849, -1.263522) 
(51.757822, -1.26353) 
(51.757814, -1.263518) 
(51.757787, -1.263518) 
(51.757775, -1.263515) 
(51.757749, -1.263511) 
(51.757721, -1.263508) 
(51.757697, -1.263528) 
(51.757671, -1.263519) 
(51.757658, -1.263514) 
(51.757636, -1.263492) 
(51.757622, -1.263489) 
(51.757595, -1.263487) 
(51.757577, -1.263451) 
(51.757563, -1.263451) 
(51.75754, -1.263436) 
(51.757533, -1.263411) 
(51.757505, -1.263424) 
(51.757492, -1.263435) 
(51.757469, -1.263415) 
(51.75746, -1.263402) 
(51.757433, -1.263393) 
(51.757407, -1.263391) 
(51.757375, -1.263409) 
(51.757362, -1.263406) 
(51.757333, -1.2634) 
(51.757318, -1.263397) 
(51.757304, -1.263395) 
(51.757276, -1.263389) 
(51.757261, -1.263386) 
(51.757232, -1.263381) 
(51.757217, -1.263379) 
(51.757203, -1.263377) 
(51.757189, -1.263374) 
(51.75716, -1.263369) 
(51.757147, -1.263366) 
(51.757133, -1.263363) 
(51.757104, -1.263359) 
(51.757095, -1.263339) 
(51.757068, -1.263334) 
(51.757041, -1.263329) 
(51.757028, -1.263327) 
(51.757014, -1.263325) 
(51.756987, -1.263322) 
(51.756972, -1.26332) 
(51.756959, -1.263318) 
(51.75693, -1.263315) 
(51.756915, -1.263314) 
(51.756914, -1.263306) 
(51.756885, -1.263303) 
(51.75687, -1.263303) 
(51.756858, -1.263285) 
(51.756816, -1.263303) 
(51.756803, -1.263302) 
(51.756774, -1.2633) 
(51.756761, -1.263281) 
(51.756747, -1.263279) 
(51.756719, -1.263277) 
(51.756709, -1.263269) 
(51.756677, -1.263267) 
(51.756663, -1.263264) 
(51.756643, -1.263263) 
(51.756626, -1.263264) 
(51.756611, -1.263264) 
(51.756597, -1.263263) 
(51.756569, -1.263262) 
(51.756555, -1.263257) 
(51.75654, -1.263261) 
(51.756526, -1.263263) 
(51.756495, -1.263266) 
(51.756481, -1.263261) 
(51.756465, -1.263264) 
(51.756453, -1.26326) 
(51.756424, -1.263257) 
(51.756411, -1.263252) 
(51.756383, -1.263248) 
(51.756369, -1.263246) 
(51.756343, -1.263252) 
(51.75633, -1.263251) 
(51.756307, -1.263242) 
(51.756254, -1.26329) 
(51.75624, -1.263295) 
(51.756215, -1.263288) 
(51.756237, -1.263234) 
(51.756218, -1.263225) 
(51.756196, -1.263223) 
(51.756173, -1.263223) 
(51.756164, -1.26322) 
(51.756143, -1.263217) 
(51.756124, -1.263215) 
(51.756105, -1.263218) 
(51.756064, -1.263247) 
(51.756056, -1.263209) 
(51.755989, -1.263281) 
(51.755983, -1.263277) 
(51.755959, -1.263284) 
(51.755948, -1.263287) 
(51.755936, -1.263259) 
(51.755922, -1.263262) 
(51.755903, -1.263256) 
(51.755883, -1.263243) 
(51.755873, -1.263234) 
(51.755841, -1.263238) 
(51.755836, -1.263192) 
(51.75582, -1.263195) 
(51.755807, -1.263195) 
(51.755778, -1.263206) 
(51.75574, -1.263243) 
(51.755727, -1.263244) 
(51.755704, -1.263235) 
(51.755693, -1.26323) 
(51.755662, -1.263235) 
(51.755656, -1.263222) 
(51.755632, -1.263221) 
(51.755628, -1.263202) 
(51.755597, -1.263217) 
(51.755569, -1.263222) 
(51.755571, -1.263189) 
(51.755536, -1.263211) 
(51.755517, -1.263203) 
(51.755499, -1.263194) 
(51.755473, -1.263207) 
(51.755468, -1.263174) 
(51.755438, -1.263187) 
(51.755417, -1.263174) 
(51.755406, -1.263154) 
(51.755384, -1.26317) 
(51.755366, -1.263164) 
(51.75535, -1.263166) 
(51.75532, -1.263155) 
(51.755312, -1.263157) 
(51.755296, -1.263152) 
(51.755277, -1.263144) 
(51.755249, -1.263169) 
(51.755233, -1.263169) 
(51.755226, -1.26314) 
(51.755208, -1.263136) 
(51.755189, -1.263131) 
(51.755149, -1.263117) 
(51.755131, -1.26311) 
(51.755074, -1.263069) 
(51.755055, -1.263058) 
(51.755034, -1.263035) 
(51.755047, -1.263106) 
(51.755038, -1.263094) 
(51.755025, -1.263067) 
(51.755019, -1.263033) 
(51.755019, -1.262996) 
(51.754981, -1.263015) 
(51.75498, -1.26298) 
(51.754951, -1.263006) 
(51.754933, -1.262996) 
(51.754917, -1.262977) 
(51.7549, -1.26298) 
(51.754887, -1.262981) 
(51.754863, -1.263003) 
(51.754837, -1.26301) 
(51.754826, -1.263019) 
(51.754812, -1.263034) 
(51.754792, -1.263038) 
(51.754774, -1.263051) 
(51.754763, -1.263034) 
(51.754719, -1.263139) 
(51.7547, -1.263133) 
(51.754687, -1.263118) 
(51.754672, -1.263105) 
(51.754648, -1.263121) 
(51.754634, -1.263131) 
(51.754612, -1.263137) 
(51.754597, -1.263105) 
(51.754565, -1.263136) 
(51.754555, -1.263118) 
(51.754563, -1.263105) 
(51.754537, -1.26312) 
(51.754509, -1.263115) 
(51.754501, -1.263112) 
(51.754488, -1.26313) 
(51.754472, -1.263097) 
(51.754452, -1.26315) 
(51.754441, -1.263157) 
(51.754385, -1.263219) 
(51.754352, -1.263259) 
(51.75434, -1.263249) 
(51.754323, -1.26325) 
(51.754326, -1.263231) 
(51.754302, -1.263246) 
(51.754272, -1.263257) 
(51.754271, -1.263237) 
(51.754239, -1.263283) 
(51.754222, -1.263292) 
(51.754203, -1.263305) 
(51.754186, -1.26331) 
(51.754168, -1.263319) 
(51.754194, -1.263213) 
(51.754178, -1.263222) 
(51.754159, -1.263232) 
(51.754144, -1.263241) 
(51.75412, -1.263253) 
(51.754103, -1.263263) 
(51.754085, -1.263271) 
(51.754066, -1.263281) 
(51.754053, -1.263286) 
(51.754032, -1.263296) 
(51.75401, -1.263304) 
(51.753994, -1.26331) 
(51.753977, -1.263315) 
(51.75395, -1.263322) 
(51.753932, -1.263327) 
(51.753913, -1.263333) 
(51.753895, -1.263337) 
(51.753877, -1.263342) 
(51.75381, -1.263424) 
(51.753793, -1.263428) 
(51.753775, -1.263433) 
(51.753757, -1.263437) 
(51.753739, -1.263441) 
(51.75372, -1.263446) 
(51.753715, -1.263443) 
(51.753697, -1.263448) 
(51.753682, -1.263443) 
(51.753673, -1.26345) 
(51.753656, -1.263461) 
(51.753642, -1.263474) 
(51.753633, -1.26348) 
(51.753621, -1.263523) 
(51.753612, -1.263575) 
(51.753612, -1.263588) 
(51.75361, -1.263633) 
(51.75361, -1.263651) 
(51.753611, -1.263695) 
(51.753611, -1.263739) 
(51.753604, -1.263749) 
(51.753613, -1.263771) 
(51.753612, -1.263796) 
(51.753611, -1.263841) 
(51.75361, -1.263864) 
(51.753609, -1.263905) 
(51.75361, -1.263923) 
(51.753607, -1.263952) 
(51.753603, -1.263965) 
(51.753602, -1.264009) 
(51.753598, -1.264037) 
(51.753595, -1.264065) 
(51.753592, -1.264091) 
(51.753589, -1.264136) 
(51.753584, -1.264164) 
(51.753581, -1.264189) 
(51.753583, -1.264225) 
(51.753577, -1.264276) 
(51.753573, -1.2643) 
(51.753571, -1.264324) 
(51.753564, -1.264337) 
(51.753559, -1.264384) 
(51.753557, -1.264405) 
(51.753554, -1.264429) 
(51.753552, -1.264451) 
(51.753546, -1.264501) 
(51.753544, -1.264523) 
(51.75354, -1.264549) 
(51.753537, -1.264573) 
(51.753532, -1.264619) 
(51.753529, -1.264642) 
(51.753549, -1.264642) 
(51.753526, -1.264703) 
(51.753521, -1.264748) 
(51.753518, -1.264772) 
(51.753515, -1.264795) 
(51.753511, -1.264819) 
(51.753502, -1.264867) 
(51.753504, -1.264888) 
(51.753489, -1.264915) 
(51.753497, -1.264933) 
(51.75349, -1.26498) 
(51.753487, -1.265003) 
(51.753483, -1.265025) 
(51.75348, -1.265049) 
(51.753473, -1.265096) 
(51.75347, -1.265121) 
(51.753466, -1.265145) 
(51.753452, -1.265173) 
(51.753454, -1.26521) 
(51.75345, -1.265235) 
(51.753446, -1.26526) 
(51.753441, -1.265286) 
(51.753431, -1.265338) 
(51.753427, -1.265364) 
(51.753423, -1.265391) 
(51.753418, -1.265417) 
(51.75341, -1.26547) 
(51.753406, -1.265497) 
(51.753402, -1.265522) 
(51.753397, -1.265549) 
(51.753388, -1.2656) 
(51.753383, -1.265627) 
(51.753379, -1.265654) 
(51.753374, -1.265681) 
(51.753366, -1.265735) 
(51.753362, -1.265758) 
(51.753358, -1.265783) 
(51.753353, -1.26581) 
(51.753345, -1.265861) 
(51.753341, -1.265885) 
(51.753337, -1.265911) 
(51.753334, -1.265935) 
(51.753312, -1.265992) 
(51.753308, -1.266017) 
(51.753321, -1.26602) 
(51.753316, -1.266045) 
(51.753309, -1.266093) 
(51.753305, -1.266116) 
(51.753261, -1.266146) 
(51.753257, -1.266169) 
(51.75325, -1.266213) 
(51.753247, -1.266235) 
(51.75324, -1.266276) 
(51.753236, -1.266296) 
(51.75323, -1.266334) 
(51.753222, -1.266372) 
(51.753218, -1.26639) 
(51.753211, -1.266425) 
(51.753257, -1.266457) 
(51.753259, -1.266471) 
(51.753268, -1.266495) 
(51.753192, -1.266536) 
(51.753187, -1.266566) 
(51.753246, -1.266589) 
(51.753175, -1.266628) 
(51.753169, -1.26666) 
(51.753163, -1.266692) 
(51.753161, -1.266709) 
(51.753155, -1.266741) 
(51.753149, -1.266773) 
(51.753144, -1.266805) 
(51.753139, -1.266837) 
(51.753134, -1.266869) 
(51.75313, -1.266901) 
(51.753125, -1.266934) 
(51.753121, -1.266967) 
(51.753116, -1.267001) 
(51.75311, -1.267036) 
(51.753104, -1.267071) 
(51.753099, -1.267106) 
(51.753095, -1.267124) 
(51.753089, -1.267158) 
(51.753082, -1.267191) 
(51.753075, -1.267222) 
(51.753111, -1.267259) 
(51.753084, -1.267287) 
(51.753086, -1.267314) 
(51.753077, -1.267346) 
(51.753026, -1.267376) 
(51.753013, -1.267411) 
(51.753053, -1.267415) 
(51.753045, -1.267438) 
(51.753033, -1.267482) 
(51.753024, -1.2675) 
(51.753011, -1.267525) 
(51.752995, -1.267546) 
(51.752969, -1.267557) 
(51.752935, -1.267575) 
(51.752912, -1.267592) 
(51.752895, -1.267595) 
(51.752909, -1.26758) 
(51.752887, -1.267573) 
(51.752874, -1.267565) 
(51.752823, -1.267563) 
(51.75281, -1.267549) 
(51.752797, -1.267531) 
(51.752785, -1.267512) 
(51.752773, -1.267491) 
(51.75276, -1.267468) 
(51.752769, -1.267404) 
(51.752757, -1.267379) 
(51.752747, -1.267352) 
(51.752736, -1.267324) 
(51.752727, -1.267296) 
(51.752724, -1.267281) 
(51.752718, -1.26725) 
(51.75272, -1.267234) 
(51.752718, -1.267204) 
(51.752718, -1.26717) 
(51.752719, -1.267134) 
(51.752718, -1.267113) 
(51.752724, -1.267071) 
(51.752729, -1.267046) 
(51.752733, -1.267005) 
(51.752734, -1.266987) 
(51.752729, -1.26695) 
(51.752732, -1.266927) 
(51.752729, -1.26689) 
(51.752745, -1.266842) 
(51.752747, -1.266823) 
(51.752749, -1.266784) 
(51.752751, -1.266765) 
(51.752755, -1.266725) 
(51.752758, -1.266704) 
(51.752761, -1.266665) 
(51.752764, -1.266627) 
(51.752765, -1.266609) 
(51.752766, -1.266572) 
(51.752767, -1.266535) 
(51.752767, -1.266517) 
(51.752771, -1.266477) 
(51.752774, -1.266441) 
(51.752776, -1.266409) 
(51.752778, -1.266378) 
(51.752779, -1.266349) 
(51.752779, -1.266324) 
(51.752781, -1.266292) 
(51.752781, -1.266262) 
(51.752774, -1.266236) 
(51.752795, -1.266188) 
(51.752781, -1.266171) 
(51.752781, -1.266143) 
(51.752782, -1.266114) 
(51.752783, -1.266089) 
(51.752784, -1.266059) 
(51.752785, -1.266024) 
(51.752786, -1.265999) 
(51.752806, -1.265954) 
(51.752796, -1.265932) 
(51.752802, -1.265899) 
(51.752804, -1.265854) 
(51.752803, -1.265825) 
(51.752804, -1.265795) 
(51.752806, -1.265766) 
(51.752806, -1.265737) 
(51.752808, -1.265693) 
(51.752809, -1.265664) 
(51.75281, -1.265635) 
(51.752811, -1.265608) 
(51.752812, -1.265582) 
(51.752813, -1.265544) 
(51.752813, -1.265508) 
(51.752814, -1.265483) 
(51.752815, -1.265446) 
(51.752815, -1.265422) 
(51.752816, -1.265388) 
(51.752816, -1.265356) 
(51.752816, -1.265324) 
(51.752815, -1.265294) 
(51.752811, -1.265266) 
(51.752806, -1.265239) 
(51.752791, -1.265226) 
(51.752791, -1.265185) 
(51.752772, -1.265169) 
(51.752774, -1.26513) 
(51.752768, -1.265103) 
(51.752766, -1.265073) 
(51.752763, -1.265052) 
(51.752765, -1.265014) 
(51.752757, -1.264994) 
(51.752762, -1.264952) 
(51.752768, -1.264922) 
(51.752766, -1.264897) 
(51.752768, -1.26487) 
(51.75277, -1.264831) 
(51.752773, -1.264804) 
(51.752772, -1.264771) 
(51.752774, -1.264756) 
(51.752772, -1.264714) 
(51.752771, -1.264689) 
(51.752775, -1.264655) 
(51.752775, -1.264623) 
(51.752776, -1.264594) 
(51.752779, -1.264567) 
(51.75279, -1.264536) 
(51.752793, -1.264507) 
(51.752801, -1.264476) 
(51.75281, -1.264441) 
(51.752816, -1.264421) 
(51.752822, -1.264394) 
(51.752826, -1.264366) 
(51.752825, -1.264337) 
(51.752828, -1.264309) 
(51.752833, -1.264278) 
(51.752831, -1.264242) 
(51.752777, -1.264232) 
(51.752777, -1.264207) 
(51.752775, -1.264167) 
(51.752774, -1.264135) 
(51.752774, -1.264098) 
(51.752772, -1.264072) 
(51.75277, -1.264043) 
(51.752768, -1.264014) 
(51.752764, -1.263984) 
(51.75281, -1.263912) 
(51.752804, -1.263888) 
(51.752794, -1.263861) 
(51.752791, -1.263843) 
(51.752785, -1.263811) 
(51.752778, -1.263772) 
(51.752771, -1.263739) 
(51.752772, -1.263715) 
(51.752767, -1.263676) 
(51.752764, -1.26366) 
(51.752753, -1.263625) 
(51.752742, -1.263611) 
(51.752734, -1.2636) 
(51.752726, -1.263562) 
(51.752719, -1.263548) 
(51.752716, -1.263498) 
(51.752711, -1.26348) 
(51.752699, -1.263463) 
(51.752691, -1.263428) 
(51.752685, -1.263408) 
(51.752674, -1.263373) 
(51.752668, -1.263371) 
(51.752653, -1.263329) 
(51.752641, -1.263291) 
(51.752647, -1.263273) 
(51.75264, -1.263238) 
(51.752639, -1.263214) 
(51.752634, -1.263178) 
(51.752621, -1.263168) 
(51.752601, -1.263131) 
(51.752596, -1.263119) 
(51.752591, -1.2631) 
(51.752585, -1.26305) 
(51.752563, -1.263013) 
(51.752558, -1.262988) 
(51.752551, -1.262954) 
(51.752545, -1.262929) 
(51.752542, -1.262888) 
(51.752524, -1.262867) 
(51.752518, -1.262854) 
(51.752503, -1.262829) 
(51.752495, -1.262792) 
(51.752495, -1.262767) 
(51.752477, -1.262757) 
(51.752466, -1.262718) 
(51.75247, -1.262685) 
(51.752456, -1.262661) 
(51.752475, -1.26252) 
(51.75247, -1.262502) 
(51.752472, -1.262423) 
(51.752421, -1.262556) 
(51.752413, -1.262521) 
(51.752406, -1.262491) 
(51.752397, -1.262459) 
(51.752389, -1.26243) 
(51.752387, -1.262411) 
(51.752387, -1.262369) 
(51.752372, -1.262362) 
(51.752352, -1.262337) 
(51.752342, -1.262293) 
(51.752335, -1.262276) 
(51.752323, -1.262237) 
(51.752316, -1.262218) 
(51.752303, -1.262186) 
(51.752296, -1.262166) 
(51.752277, -1.262134) 
(51.752273, -1.262112) 
(51.752259, -1.262075) 
(51.752247, -1.262037) 
(51.752241, -1.26202) 
(51.752228, -1.261987) 
(51.752215, -1.26196) 
(51.752212, -1.261944) 
(51.752202, -1.261919) 
(51.752189, -1.261887) 
(51.752178, -1.261863) 
(51.752166, -1.261836) 
(51.752154, -1.261809) 
(51.752144, -1.261789) 
(51.752129, -1.261762) 
(51.752118, -1.261737) 
(51.752108, -1.261713) 
(51.752096, -1.26169) 
(51.752086, -1.261667) 
(51.752074, -1.261644) 
(51.752065, -1.261621) 
(51.752053, -1.261596) 
(51.752045, -1.261575) 
(51.752031, -1.261544) 
(51.752021, -1.261523) 
(51.75201, -1.261499) 
(51.751999, -1.261477) 
(51.751994, -1.261441) 
(51.751982, -1.261425) 
(51.751971, -1.261398) 
(51.751961, -1.261371) 
(51.75196, -1.261348) 
(51.751949, -1.261325) 
(51.751937, -1.261302) 
(51.751928, -1.261272) 
(51.75192, -1.261242) 
(51.751914, -1.261208) 
(51.751911, -1.261162) 
(51.751899, -1.261142) 
(51.751898, -1.261127) 
(51.751892, -1.261097) 
(51.751876, -1.261065) 
(51.751873, -1.261013) 
(51.751857, -1.261022) 
(51.751854, -1.260972) 
(51.751842, -1.260954) 
(51.751836, -1.260934) 
(51.751827, -1.260897) 
(51.751813, -1.260877) 
(51.751803, -1.260851) 
(51.751792, -1.260829) 
(51.751782, -1.260812) 
(51.751768, -1.260799) 
(51.751753, -1.260788) 
(51.751734, -1.260782) 
(51.751715, -1.260774) 
(51.751693, -1.26077) 
(51.751673, -1.260767) 
(51.751656, -1.260757) 
(51.751638, -1.26076) 
(51.75163, -1.260758) 
(51.751611, -1.260772) 
(51.751588, -1.260787) 
(51.751578, -1.260799) 
(51.751555, -1.260826) 
(51.751543, -1.26084) 
(51.751522, -1.260865) 
(51.751512, -1.260875) 
(51.7515, -1.26089) 
(51.751478, -1.260916) 
(51.751467, -1.260929) 
(51.751458, -1.260939) 
(51.751441, -1.260965) 
(51.75142, -1.260986) 
(51.751407, -1.261002) 
(51.751396, -1.261015) 
(51.751384, -1.261027) 
(51.751357, -1.261061) 
(51.751345, -1.261076) 
(51.751332, -1.261092) 
(51.751318, -1.26111) 
(51.751294, -1.261139) 
(51.751281, -1.261154) 
(51.751252, -1.261207) 
(51.751254, -1.261189) 
(51.751228, -1.26122) 
(51.751218, -1.261231) 
(51.751205, -1.261245) 
(51.751193, -1.26126) 
(51.75117, -1.261288) 
(51.751158, -1.261302) 
(51.751146, -1.261315) 
(51.751134, -1.26133) 
(51.751111, -1.261355) 
(51.751106, -1.261379) 
(51.751083, -1.261406) 
(51.751072, -1.261419) 
(51.751051, -1.261444) 
(51.751041, -1.261456) 
(51.751021, -1.261481) 
(51.751012, -1.261493) 
(51.750996, -1.261513) 
(51.750974, -1.261541) 
(51.750962, -1.261555) 
(51.750946, -1.261571) 
(51.750926, -1.261588) 
(51.750908, -1.261604) 
(51.750896, -1.261626) 
(51.75089, -1.261649) 
(51.75088, -1.261692) 
(51.750875, -1.261705) 
(51.750865, -1.261732) 
(51.750856, -1.261759) 
(51.750854, -1.261778) 
(51.750847, -1.261804) 
(51.750841, -1.261823) 
(51.750838, -1.261866) 
(51.750833, -1.261894) 
(51.750831, -1.261912) 
(51.750828, -1.261945) 
(51.750826, -1.261976) 
(51.750824, -1.262007) 
(51.750822, -1.262038) 
(51.750801, -1.262062) 
(51.750799, -1.26209) 
(51.750768, -1.262128) 
(51.750767, -1.262154) 
(51.750798, -1.26219) 
(51.750811, -1.262207) 
(51.750812, -1.262238) 
(51.750812, -1.26227) 
(51.750815, -1.262295) 
(51.750833, -1.262311) 
(51.750835, -1.262336) 
(51.750837, -1.262363) 
(51.750805, -1.262412) 
(51.750807, -1.262446) 
(51.750829, -1.262463) 
(51.750829, -1.2625) 
(51.750829, -1.262536) 
(51.750831, -1.262553) 
(51.750832, -1.262591) 
(51.750833, -1.26261) 
(51.750837, -1.262646) 
(51.750841, -1.262665) 
(51.750846, -1.262702) 
(51.750845, -1.262761) 
(51.750856, -1.262763) 
(51.750862, -1.262813) 
(51.750868, -1.262829) 
(51.750881, -1.262856) 
(51.75089, -1.262872) 
(51.750893, -1.26292) 
(51.750908, -1.262935) 
(51.750859, -1.263037) 
(51.750859, -1.263109) 
(51.750915, -1.263042) 
(51.750926, -1.263072) 
(51.750936, -1.263095) 
(51.750962, -1.263132) 
(51.750952, -1.263184) 
(51.751002, -1.263163) 
(51.751018, -1.263212) 
(51.751021, -1.263226) 
(51.751041, -1.263258) 
(51.751053, -1.263281) 
(51.751075, -1.2633) 
(51.751083, -1.26332) 
(51.751102, -1.263357) 
(51.751085, -1.263429) 
(51.751075, -1.263477) 
(51.751093, -1.26351) 
(51.751079, -1.263554) 
(51.751096, -1.263585) 
(51.751123, -1.263598) 
(51.751134, -1.263609) 
(51.75115, -1.263639) 
(51.751181, -1.263623) 
(51.751187, -1.263665) 
(51.751202, -1.263672) 
(51.751229, -1.263688) 
(51.75125, -1.2637) 
(51.751264, -1.263707) 
(51.751273, -1.263721) 
(51.751298, -1.263736) 
(51.751313, -1.263744) 
(51.751328, -1.263752) 
(51.751342, -1.263758) 
(51.751373, -1.263768) 
(51.751386, -1.263778) 
(51.751401, -1.263785) 
(51.751416, -1.263791) 
(51.751447, -1.263804) 
(51.751468, -1.263796) 
(51.751479, -1.263813) 
(51.75149, -1.263825) 
(51.751517, -1.263844) 
(51.751534, -1.263842) 
(51.751549, -1.263852) 
(51.751568, -1.263878) 
(51.751583, -1.263903) 
(51.751596, -1.263914) 
(51.751607, -1.263937) 
(51.751622, -1.263982) 
(51.751639, -1.263995) 
(51.751657, -1.263996) 
(51.751672, -1.263999) 
(51.751694, -1.264013) 
(51.751711, -1.264022) 
(51.751724, -1.264032) 
(51.751741, -1.264043) 
(51.751755, -1.264064) 
(51.751767, -1.264091) 
(51.751771, -1.264122) 
(51.751774, -1.264156) 
(51.751774, -1.264181) 
(51.751771, -1.264209) 
(51.751766, -1.264242) 
(51.751761, -1.264295) 
(51.751758, -1.264305) 
(51.75175, -1.264341) 
(51.751756, -1.264352) 
(51.751739, -1.264407) 
(51.751733, -1.264418) 
(51.751728, -1.26444) 
(51.751724, -1.264483) 
(51.751718, -1.264509) 
(51.751711, -1.264532) 
(51.751708, -1.264558) 
(51.7517, -1.264619) 
(51.7517, -1.264631) 
(51.751687, -1.264655) 
(51.75168, -1.26469) 
(51.751639, -1.264729) 
(51.75164, -1.264754) 
(51.751636, -1.264779) 
(51.751632, -1.264802) 
(51.751624, -1.264842) 
(51.751625, -1.264866) 
(51.751624, -1.26489) 
(51.751629, -1.264919) 
(51.751607, -1.264963) 
(51.751605, -1.264989) 
(51.751611, -1.265002) 
(51.75167, -1.26504) 
(51.751674, -1.265098) 
(51.751664, -1.265126) 
(51.751671, -1.265153) 
(51.751676, -1.265181) 
(51.751686, -1.265225) 
(51.751691, -1.265255) 
(51.751693, -1.26528) 
(51.751695, -1.265307) 
(51.751702, -1.265362) 
(51.751701, -1.265392) 
(51.751708, -1.265414) 
(51.751708, -1.265441) 
(51.751712, -1.265492) 
(51.751716, -1.265522) 
(51.751723, -1.265541) 
(51.751732, -1.265563) 
(51.751742, -1.265617) 
(51.751753, -1.265638) 
(51.751756, -1.265666) 
(51.751759, -1.265694) 
(51.751768, -1.265742) 
(51.751763, -1.265771) 
(51.751771, -1.265797) 
(51.751781, -1.265817) 
(51.751784, -1.265868) 
(51.751794, -1.265895) 
(51.751801, -1.265913) 
(51.751807, -1.265935) 
(51.751817, -1.265982) 
(51.751827, -1.266) 
(51.751835, -1.266021) 
(51.751833, -1.26605) 
(51.75184, -1.266097) 
(51.751841, -1.266121) 
(51.751834, -1.266154) 
(51.751838, -1.266179) 
(51.751849, -1.266161) 
(51.751849, -1.266188) 
(51.751847, -1.266214) 
(51.751848, -1.266239) 
(51.751839, -1.266357) 
(51.751837, -1.266385) 
(51.751839, -1.266408) 
(51.751839, -1.266433) 
(51.751838, -1.266484) 
(51.751836, -1.266511) 
(51.751835, -1.266536) 
(51.751835, -1.266561) 
(51.75183, -1.266615) 
(51.751829, -1.266641) 
(51.751829, -1.266665) 
(51.751829, -1.266689) 
(51.751821, -1.266743) 
(51.75182, -1.266766) 
(51.75183, -1.266779) 
(51.751817, -1.266827) 
(51.751815, -1.266847) 
(51.75181, -1.266887) 
(51.75181, -1.266917) 
(51.751804, -1.266949) 
(51.751801, -1.266977) 
(51.751792, -1.267016) 
(51.751791, -1.26704) 
(51.751772, -1.267076) 
(51.751771, -1.2671) 
(51.751773, -1.267123) 
(51.751778, -1.267142) 
(51.751829, -1.26712) 
(51.751836, -1.267129) 
(51.751853, -1.267145) 
(51.751874, -1.267158) 
(51.751896, -1.267136) 
(51.75192, -1.267149) 
(51.751948, -1.267157) 
(51.751917, -1.267271) 
(51.751936, -1.267258) 
(51.751954, -1.26725) 
(51.752001, -1.267256) 
(51.752016, -1.26726) 
(51.752004, -1.267302) 
(51.752047, -1.267269) 
(51.75207, -1.267289) 
(51.752065, -1.267366) 
(51.752114, -1.267306) 
(51.752123, -1.267306) 
(51.752151, -1.267302) 
(51.752151, -1.267334) 
(51.752154, -1.26736) 
(51.75218, -1.267316) 
(51.752213, -1.267317) 
(51.752221, -1.267327) 
(51.752237, -1.267325) 
(51.752261, -1.267342) 
(51.752273, -1.267349) 
(51.752306, -1.267343) 
(51.752318, -1.267358) 
(51.752343, -1.267368) 
(51.75238, -1.267326) 
(51.752395, -1.267324) 
(51.752408, -1.267366) 
(51.752414, -1.267378) 
(51.752431, -1.267396) 
(51.752454, -1.267394) 
(51.752474, -1.267399) 
(51.752485, -1.267416) 
(51.75251, -1.26741) 
(51.752544, -1.267393) 
(51.752566, -1.267388) 
(51.752574, -1.267391) 
(51.752592, -1.267399) 
(51.752612, -1.267401) 
(51.752628, -1.267418) 
(51.752652, -1.267416) 
(51.752666, -1.267431) 
(51.752683, -1.267441) 
(51.7527, -1.267462) 
(51.752718, -1.267471) 
(51.752737, -1.267494) 
(51.752743, -1.267515) 
(51.75276, -1.267538) 
(51.752778, -1.267566) 
(51.752788, -1.267586) 
(51.752796, -1.267613) 
(51.752809, -1.267642) 
(51.752816, -1.267664) 
(51.752826, -1.267686) 
(51.752836, -1.267705) 
(51.752856, -1.267725) 
(51.752871, -1.267733) 
(51.752886, -1.267735) 
(51.752899, -1.267733) 
(51.752909, -1.267725) 
(51.752929, -1.267706) 
(51.752943, -1.267693) 
(51.752961, -1.267674) 
(51.752977, -1.267658) 
(51.752995, -1.267639) 
(51.753013, -1.267618) 
(51.753027, -1.267601) 
(51.753043, -1.267577) 
(51.753055, -1.267552) 
(51.75306, -1.267538) 
(51.753071, -1.26751) 
(51.75308, -1.26748) 
(51.753089, -1.267447) 
(51.753093, -1.267431) 
(51.753102, -1.267396) 
(51.753105, -1.267379) 
(51.753112, -1.267344) 
(51.75312, -1.267306) 
(51.753124, -1.267287) 
(51.753133, -1.267249) 
(51.753137, -1.267229) 
(51.753145, -1.267191) 
(51.753154, -1.267168) 
(51.753164, -1.267119) 
(51.753174, -1.26708) 
(51.753179, -1.26706) 
(51.753188, -1.267029) 
(51.75319, -1.267011) 
(51.753201, -1.266968) 
(51.753204, -1.266947) 
(51.753213, -1.266905) 
(51.753217, -1.266885) 
(51.753225, -1.266845) 
(51.753232, -1.266805) 
(51.753236, -1.266784) 
(51.753243, -1.266744) 
(51.753246, -1.266725) 
(51.753253, -1.266685) 
(51.753256, -1.266665) 
(51.753262, -1.266626) 
(51.753269, -1.266588) 
(51.753272, -1.266569) 
(51.753279, -1.266529) 
(51.753283, -1.26651) 
(51.753289, -1.266472) 
(51.753292, -1.266452) 
(51.753298, -1.266414) 
(51.753301, -1.266395) 
(51.753306, -1.266359) 
(51.753311, -1.266324) 
(51.753315, -1.266292) 
(51.753319, -1.266259) 
(51.753324, -1.266227) 
(51.753326, -1.26621) 
(51.753331, -1.266176) 
(51.753336, -1.266142) 
(51.753341, -1.266106) 
(51.753346, -1.26607) 
(51.753345, -1.266041) 
(51.753351, -1.266011) 
(51.753356, -1.265973) 
(51.753361, -1.265937) 
(51.753367, -1.265911) 
(51.753372, -1.265875) 
(51.753374, -1.265852) 
(51.753379, -1.265819) 
(51.753391, -1.265781) 
(51.753393, -1.265759) 
(51.753394, -1.265719) 
(51.7534, -1.265702) 
(51.753408, -1.265667) 
(51.753411, -1.265646) 
(51.753411, -1.265606) 
(51.753421, -1.265581) 
(51.753423, -1.265553) 
(51.753433, -1.265518) 
(51.753435, -1.265489) 
(51.753442, -1.265461) 
(51.753447, -1.265436) 
(51.753451, -1.265401) 
(51.753456, -1.265371) 
(51.753463, -1.26534) 
(51.753469, -1.265309) 
(51.753474, -1.265271) 
(51.753481, -1.265237) 
(51.753486, -1.265209) 
(51.753474, -1.265195) 
(51.753495, -1.26515) 
(51.753498, -1.265122) 
(51.753496, -1.2651) 
(51.753499, -1.265071) 
(51.75351, -1.265034) 
(51.753513, -1.265019) 
(51.753517, -1.264988) 
(51.753521, -1.26496) 
(51.75351, -1.26494) 
(51.753515, -1.26491) 
(51.753519, -1.264879) 
(51.753523, -1.264848) 
(51.753528, -1.264817) 
(51.75353, -1.264801) 
(51.753535, -1.264769) 
(51.75354, -1.264737) 
(51.753545, -1.264704) 
(51.753549, -1.26467) 
(51.753554, -1.264637) 
(51.753559, -1.264603) 
(51.753563, -1.26457) 
(51.753566, -1.264553) 
(51.75357, -1.264519) 
(51.753575, -1.264484) 
(51.75358, -1.264449) 
(51.753582, -1.264431) 
(51.753586, -1.264396) 
(51.753589, -1.264378) 
(51.753593, -1.264343) 
(51.753596, -1.264308) 
(51.753599, -1.264274) 
(51.753602, -1.26424) 
(51.753605, -1.264208) 
(51.753608, -1.264174) 
(51.753648, -1.264098) 
(51.753621, -1.264121) 
(51.753622, -1.264092) 
(51.753627, -1.264058) 
(51.75363, -1.264027) 
(51.753632, -1.26399) 
(51.753633, -1.263963) 
(51.753632, -1.263963) 
(51.753633, -1.263933) 
(51.753635, -1.263904) 
(51.753635, -1.263878) 
(51.753636, -1.263847) 
(51.753637, -1.263807) 
(51.753639, -1.263778) 
(51.75364, -1.263749) 
(51.753633, -1.26374) 
(51.753636, -1.263714) 
(51.753641, -1.263685) 
(51.753614, -1.2637) 
(51.75362, -1.263681) 
(51.753633, -1.263653) 
(51.75365, -1.263628) 
(51.753665, -1.263614) 
(51.753678, -1.263603) 
(51.7537, -1.263588) 
(51.753718, -1.263578) 
(51.753738, -1.26357) 
(51.753753, -1.263554) 
(51.75379, -1.263511) 
(51.753814, -1.263502) 
(51.753827, -1.263497) 
(51.753853, -1.263489) 
(51.753867, -1.263485) 
(51.753895, -1.263476) 
(51.753909, -1.263472) 
(51.753923, -1.263468) 
(51.753937, -1.263464) 
(51.753966, -1.263455) 
(51.75398, -1.263451) 
(51.753995, -1.263445) 
(51.754009, -1.26344) 
(51.754038, -1.263429) 
(51.754053, -1.263424) 
(51.754068, -1.263418) 
(51.754082, -1.263412) 
(51.754112, -1.263398) 
(51.754127, -1.263391) 
(51.754142, -1.263384) 
(51.754157, -1.263377) 
(51.754187, -1.263362) 
(51.754202, -1.263354) 
(51.754216, -1.263346) 
(51.754231, -1.263338) 
(51.754261, -1.263322) 
(51.754275, -1.263314) 
(51.754289, -1.263305) 
(51.754303, -1.263298) 
(51.75433, -1.263281) 
(51.754344, -1.263272) 
(51.754357, -1.263265) 
(51.754383, -1.26325) 
(51.754396, -1.263242) 
(51.754422, -1.263228) 
(51.754435, -1.263221) 
(51.75446, -1.263208) 
(51.754472, -1.263202) 
(51.754497, -1.263193) 
(51.754544, -1.263142) 
(51.754552, -1.263146) 
(51.754595, -1.263134) 
(51.754607, -1.263139) 
(51.754627, -1.263139) 
(51.75466, -1.263128) 
(51.754709, -1.263078) 
(51.754717, -1.263089) 
(51.75473, -1.263098) 
(51.754722, -1.263104) 
(51.754811, -1.263025) 
(51.754824, -1.263022) 
(51.754838, -1.263017) 
(51.754864, -1.263007) 
(51.754883, -1.263003) 
(51.754892, -1.262997) 
(51.754915, -1.262981) 
(51.754888, -1.263023) 
(51.754897, -1.263004) 
(51.754915, -1.262981) 
(51.754921, -1.262968) 
(51.754921, -1.262963) 
(51.754932, -1.262942) 
(51.754943, -1.262923) 
(51.754951, -1.262886) 
(51.754958, -1.262868) 
(51.754962, -1.26284) 
(51.754967, -1.262816) 
(51.754978, -1.262768) 
(51.754977, -1.262754) 
(51.75498, -1.262722) 
(51.754982, -1.262678) 
(51.754993, -1.26265) 
(51.754993, -1.262612) 
(51.754991, -1.262596) 
(51.754993, -1.262551) 
(51.754993, -1.262531) 
(51.754992, -1.262486) 
(51.754987, -1.262466) 
(51.754983, -1.262416) 
(51.754986, -1.262371) 
(51.75499, -1.262342) 
(51.754992, -1.262297) 
(51.754995, -1.262268) 
(51.754987, -1.262236) 
(51.754986, -1.26222) 
(51.754987, -1.262183) 
(51.755001, -1.262122) 
(51.754993, -1.262104) 
(51.75499, -1.262063) 
(51.75499, -1.262044) 
(51.754998, -1.261995) 
(51.754994, -1.261978) 
(51.754998, -1.261952) 
(51.755, -1.261906) 
(51.755002, -1.261883) 
(51.755003, -1.261861) 
(51.755008, -1.261814) 
(51.75501, -1.261792) 
(51.755008, -1.261749) 
(51.755009, -1.261708) 
(51.755011, -1.261688) 
(51.755015, -1.261646) 
(51.755015, -1.26163) 
(51.755018, -1.261594) 
(51.755021, -1.261562) 
(51.755024, -1.261533) 
(51.755025, -1.261507) 
(51.755034, -1.261465) 
(51.755036, -1.261437) 
(51.755038, -1.261414) 
(51.755043, -1.261392) 
(51.755056, -1.26138) 
(51.755075, -1.261358) 
(51.7551, -1.261338) 
(51.755125, -1.261338) 
(51.75514, -1.261334) 
(51.755157, -1.261366) 
(51.755174, -1.261369) 
(51.755183, -1.261375) 
(51.755199, -1.261364) 
(51.755214, -1.261401) 
(51.755228, -1.261405) 
(51.755241, -1.26144) 
(51.755268, -1.261441) 
(51.755283, -1.261444) 
(51.755316, -1.261442) 
(51.755333, -1.261435) 
(51.755351, -1.261466) 
(51.755357, -1.261488) 
(51.755379, -1.261504) 
(51.755392, -1.261505) 
(51.755411, -1.261526) 
(51.75543, -1.261543) 
(51.75544, -1.261551) 
(51.755469, -1.261553) 
(51.755498, -1.261552) 
(51.755512, -1.261552) 
(51.755541, -1.261557) 
(51.755564, -1.261573) 
(51.755577, -1.261575) 
(51.755607, -1.261582) 
(51.755621, -1.261588) 
(51.755648, -1.261595) 
(51.755661, -1.2616) 
(51.755685, -1.261609) 
(51.755708, -1.261624) 
(51.755719, -1.261629) 
(51.755746, -1.261633) 
(51.755757, -1.26164) 
(51.755784, -1.261641) 
(51.755797, -1.261646) 
(51.75583, -1.261629) 
(51.755839, -1.261642) 
(51.755858, -1.261669) 
(51.75588, -1.261682) 
(51.755888, -1.2617) 
(51.755915, -1.261702) 
(51.755924, -1.261712) 
(51.755948, -1.261722) 
(51.755961, -1.261726) 
(51.755987, -1.261733) 
(51.756009, -1.261751) 
(51.75602, -1.261757) 
(51.756047, -1.261751) 
(51.756057, -1.261758) 
(51.756078, -1.261773) 
(51.756084, -1.261791) 
(51.756097, -1.261804) 
(51.75611, -1.261809) 
(51.756131, -1.26182) 
(51.756152, -1.261832) 
(51.756174, -1.261841) 
(51.756193, -1.261853) 
(51.756215, -1.261861) 
(51.756226, -1.261863) 
(51.756246, -1.261874) 
(51.756265, -1.261884) 
(51.756286, -1.261889) 
(51.756305, -1.261898) 
(51.756322, -1.261908) 
(51.756339, -1.261915) 
(51.756363, -1.261925) 
(51.756376, -1.261931) 
(51.756396, -1.261932) 
(51.756408, -1.261927) 
(51.756425, -1.261909) 
(51.756436, -1.261891) 
(51.756463, -1.261849) 
(51.756475, -1.261806) 
(51.756482, -1.261778) 
(51.75645, -1.261762) 
(51.756437, -1.261692) 
(51.756456, -1.261654) 
(51.756432, -1.261683) 
(51.756499, -1.261646) 
(51.756506, -1.26164) 
(51.75651, -1.261586) 
(51.756522, -1.26155) 
(51.756528, -1.261533) 
(51.756535, -1.2615) 
(51.756548, -1.26147) 
(51.756546, -1.26145) 
(51.756559, -1.261407) 
(51.756569, -1.261377) 
(51.756565, -1.261368) 
(51.756583, -1.26133) 
(51.756587, -1.261318) 
(51.756596, -1.261298) 
(51.756605, -1.26125) 
(51.756545, -1.261236) 
(51.756624, -1.261191) 
(51.756627, -1.261166) 
(51.756628, -1.26114) 
(51.756639, -1.261109) 
(51.756642, -1.261085) 
(51.756649, -1.261058) 
(51.756654, -1.261042) 
(51.756665, -1.261002) 
(51.756671, -1.260973) 
(51.756676, -1.260948) 
(51.756681, -1.260924) 
(51.756688, -1.260873) 
(51.756684, -1.260847) 
(51.756701, -1.260809) 
(51.756707, -1.2608) 
(51.756712, -1.260763) 
(51.756716, -1.260744) 
(51.756721, -1.260706) 
(51.756729, -1.260681) 
(51.756733, -1.260657) 
(51.756739, -1.260617) 
(51.756744, -1.260603) 
(51.756752, -1.260562) 
(51.756758, -1.260532) 
(51.756764, -1.260509) 
(51.75677, -1.260491) 
(51.756776, -1.26046) 
(51.756788, -1.260423) 
(51.756794, -1.260393) 
(51.756799, -1.260368) 
(51.756803, -1.260359) 
(51.756814, -1.260326) 
(51.756815, -1.260302) 
(51.756822, -1.260273) 
(51.756827, -1.26025) 
(51.756835, -1.260217) 
(51.756841, -1.260192) 
(51.756848, -1.26016) 
(51.756854, -1.260137) 
(51.756862, -1.260107) 
(51.756891, -1.260069) 
(51.756879, -1.260046) 
(51.756885, -1.260021) 
(51.756895, -1.259985) 
(51.756903, -1.259952) 
(51.7569, -1.259962) 
(51.756886, -1.259964) 
(51.756902, -1.259945) 
(51.756896, -1.259951) 
(51.756912, -1.25994) 
(51.756922, -1.259912) 
(51.75693, -1.259897) 
(51.756945, -1.259879) 
(51.756965, -1.259874) 
(51.756992, -1.259882) 
(51.757007, -1.259874) 
(51.757031, -1.259871) 
(51.757046, -1.259874) 
(51.757062, -1.259877) 
(51.757089, -1.259866) 
(51.7571, -1.259873) 
(51.757123, -1.25987) 
(51.757156, -1.259871) 
(51.757169, -1.259896) 
(51.757214, -1.259837) 
(51.757231, -1.259841) 
(51.757241, -1.259884) 
(51.75729, -1.259883) 
(51.757296, -1.259906) 
(51.757306, -1.259923) 
(51.75732, -1.25993) 
(51.757349, -1.259946) 
(51.757372, -1.259933) 
(51.757394, -1.259922) 
(51.757411, -1.259939) 
(51.757433, -1.259971) 
(51.757454, -1.259962) 
(51.757486, -1.259965) 
(51.757506, -1.259968) 
(51.757521, -1.259966) 
(51.757554, -1.259992) 
(51.757569, -1.259995) 
(51.757587, -1.259995) 
(51.7576, -1.259997) 
(51.757634, -1.260015) 
(51.757647, -1.260014) 
(51.757664, -1.260008) 
(51.757678, -1.260019) 
(51.757722, -1.260004) 
(51.757738, -1.260004) 
(51.757749, -1.260008) 
(51.757763, -1.260019) 
(51.757792, -1.260028) 
(51.757807, -1.260026) 
(51.757822, -1.260026) 
(51.757835, -1.26003) 
(51.757864, -1.260034) 
(51.757877, -1.260036) 
(51.757889, -1.260041) 
(51.757905, -1.260034) 
(51.757942, -1.26002) 
(51.757963, -1.260009) 
(51.757979, -1.260011) 
(51.757994, -1.260004) 
(51.758024, -1.260001) 
(51.75804, -1.259997) 
(51.758058, -1.259992) 
(51.758074, -1.25999) 
(51.758106, -1.259981) 
(51.758122, -1.259982) 
(51.758141, -1.259975) 
(51.758159, -1.25997) 
(51.758185, -1.259973) 
(51.758189, -1.259996) 
(51.758205, -1.259995) 
(51.758209, -1.260013) 
(51.758262, -1.259974) 
(51.75828, -1.259964) 
(51.758297, -1.259963) 
(51.75831, -1.259961) 
(51.758335, -1.259974) 
(51.758349, -1.259969) 
(51.758368, -1.259961) 
(51.75838, -1.259968) 
(51.758412, -1.25997) 
(51.758432, -1.259967) 
(51.758444, -1.259973) 
(51.75846, -1.259962) 
(51.758488, -1.259963) 
(51.758507, -1.25996) 
(51.758522, -1.259961) 
(51.758535, -1.259966) 
(51.758571, -1.259974) 
(51.758591, -1.259951) 
(51.758595, -1.259961) 
(51.758637, -1.259958) 
(51.758665, -1.259959) 
(51.758691, -1.259933) 
(51.75869, -1.259982) 
(51.758702, -1.259978) 
(51.758721, -1.259936) 
(51.758724, -1.259958) 
(51.758748, -1.259963) 
(51.75878, -1.259955) 
(51.758805, -1.259975) 
(51.758823, -1.25998) 
(51.758841, -1.259977) 
(51.758858, -1.25996) 
(51.758875, -1.259967) 
(51.758896, -1.259979) 
(51.758914, -1.259974) 
(51.758933, -1.259957) 
(51.758955, -1.259959) 
(51.758969, -1.259959) 
(51.758985, -1.259959) 
(51.759008, -1.259974) 
(51.759024, -1.259988) 
(51.759032, -1.259988) 
(51.759032, -1.259988) 
(51.759032, -1.259988) 
(51.759032, -1.259988) 
(51.759144, -1.259973) 
(51.759148, -1.259978) 
(51.759172, -1.259987) 
(51.759175, -1.260004) 
(51.759194, -1.260025) 
(51.759214, -1.260013) 
(51.759233, -1.260002) 
(51.759246, -1.260007) 
(51.759279, -1.26001) 
(51.759291, -1.260018) 
(51.759312, -1.260032) 
(51.759326, -1.260018) 
(51.759351, -1.260036) 
(51.759366, -1.260044) 
(51.759388, -1.26004) 
(51.759402, -1.260039) 
(51.759431, -1.26007) 
(51.759459, -1.260052) 
(51.759462, -1.260081) 
(51.759494, -1.260055) 
(51.759504, -1.260096) 
(51.759507, -1.260119) 
(51.759543, -1.260093) 
(51.759553, -1.260105) 
(51.759575, -1.260118) 
(51.759601, -1.26011) 
(51.759603, -1.260132) 
(51.759616, -1.260139) 
(51.759648, -1.260127) 
(51.759672, -1.260124) 
(51.759701, -1.260113) 
(51.759711, -1.260126) 
(51.759741, -1.260133) 
(51.759759, -1.260131) 
(51.759786, -1.260117) 
(51.759801, -1.26012) 
(51.759839, -1.260115) 
(51.759853, -1.260121) 
(51.759875, -1.260114) 
(51.759887, -1.260123) 
(51.759923, -1.260131) 
(51.759936, -1.260138) 
(51.759948, -1.260151) 
(51.759964, -1.260155) 
(51.760018, -1.260144) 
(51.760034, -1.260149) 
(51.760057, -1.260163) 
(51.760057, -1.260163) 
(51.760075, -1.260163) 
(51.760087, -1.260156) 
(51.760096, -1.260163) 
(51.760122, -1.260162) 
(51.760146, -1.260154) 
(51.760182, -1.260145) 
(51.760187, -1.260152) 
(51.760222, -1.260158) 
(51.760243, -1.260154) 
(51.760255, -1.260168) 
(51.76027, -1.260175) 
(51.76028, -1.26018) 
(51.760327, -1.260165) 
(51.76034, -1.260182) 
(51.760366, -1.260169) 
(51.760385, -1.260167) 
(51.760428, -1.260164) 
(51.760442, -1.260172) 
(51.760458, -1.26018) 
(51.760481, -1.260171) 
(51.760507, -1.260184) 
(51.760519, -1.260184) 
(51.760541, -1.260188) 
(51.760548, -1.260204) 
(51.760574, -1.260233) 
(51.760573, -1.260266) 
(51.760615, -1.260231) 
(51.760637, -1.260228) 
(51.760676, -1.260212) 
(51.760683, -1.260228) 
(51.760698, -1.260237) 
(51.760714, -1.260236) 
(51.760764, -1.260211) 
(51.76078, -1.260209) 
(51.760794, -1.260213) 
(51.76081, -1.260215) 
(51.76084, -1.26022) 
(51.760854, -1.260222) 
(51.760866, -1.260228) 
(51.760883, -1.260225) 
(51.76091, -1.260233) 
(51.760923, -1.260234) 
(51.76093, -1.260245) 
(51.760965, -1.260235) 
(51.760983, -1.260227) 
(51.760989, -1.260266) 
(51.761034, -1.260249) 
(51.760997, -1.260308) 
(51.761001, -1.260317) 
(51.761094, -1.260244) 
(51.761104, -1.260244) 
(51.761115, -1.260249) 
(51.76114, -1.260253) 
(51.761149, -1.26027) 
(51.761178, -1.260257) 
(51.761192, -1.260257) 
(51.761203, -1.260285) 
(51.761153, -1.260394) 
(51.761254, -1.260268) 
(51.761267, -1.260286) 
(51.761289, -1.260279) 
(51.761308, -1.260287) 
(51.761316, -1.260301) 
(51.76134, -1.260298) 
(51.761354, -1.260301) 
(51.761383, -1.260291) 
(51.761398, -1.260296) 
(51.761421, -1.260303) 
(51.761434, -1.260314) 
(51.76145, -1.260316) 
(51.761469, -1.260329) 
(51.761483, -1.26032) 
(51.761504, -1.26032) 
(51.761522, -1.260334) 
(51.761538, -1.260331) 
(51.76156, -1.260336) 
(51.761588, -1.260334) 
(51.761605, -1.260345) 
(51.761617, -1.260346) 
(51.761644, -1.260348) 
(51.761656, -1.260351) 
(51.761682, -1.260368) 
(51.761694, -1.260368) 
(51.761718, -1.26037) 
(51.761741, -1.260369) 
(51.761756, -1.260346) 
(51.76178, -1.260354) 
(51.761791, -1.260367) 
(51.761809, -1.260383) 
(51.761832, -1.260394) 
(51.761854, -1.260407) 
(51.761875, -1.260408) 
(51.761893, -1.260398) 
(51.761915, -1.260405) 
(51.761936, -1.260414) 
(51.761947, -1.260415) 
(51.76197, -1.260424) 
(51.761981, -1.260427) 
(51.762006, -1.260435) 
(51.762018, -1.260437) 
(51.762042, -1.260444) 
(51.762054, -1.26045) 
(51.76208, -1.260457) 
(51.762107, -1.260481) 
(51.762114, -1.260491) 
(51.762129, -1.260485) 
(51.762162, -1.26048) 
(51.762175, -1.260483) 
(51.762189, -1.260483) 
(51.762198, -1.260511) 
(51.762226, -1.260505) 
(51.762237, -1.260519) 
(51.762269, -1.260512) 
(51.76229, -1.260514) 
(51.762315, -1.260502) 
(51.762329, -1.260506) 
(51.762357, -1.260505) 
(51.762371, -1.260514) 
(51.762394, -1.260472) 
(51.762423, -1.260485) 
(51.762432, -1.260509) 
(51.762465, -1.260508) 
(51.762477, -1.260519) 
(51.762492, -1.260527) 
(51.762503, -1.260533) 
(51.762536, -1.260544) 
(51.762549, -1.260549) 
(51.762566, -1.260548) 
(51.76258, -1.260555) 
(51.762617, -1.260545) 
(51.762628, -1.260556) 
(51.762642, -1.260576) 
(51.762655, -1.260576) 
(51.762675, -1.260596) 
(51.762688, -1.260598) 
(51.762707, -1.260591) 
(51.762718, -1.2606) 
(51.762746, -1.260606) 
(51.762758, -1.260617) 
(51.762786, -1.260627) 
(51.762811, -1.260621) 
(51.762823, -1.260623) 
(51.762847, -1.260624) 
(51.762869, -1.260621) 
(51.762889, -1.260628) 
(51.762908, -1.260636) 
(51.762922, -1.260662) 
(51.762931, -1.260698) 
(51.762941, -1.260719) 
(51.762955, -1.260733) 
(51.762965, -1.260774) 
(51.762967, -1.260811) 
(51.762965, -1.260846) 
(51.762965, -1.260872) 
(51.762962, -1.260913) 
(51.762959, -1.260933) 
(51.762954, -1.260928) 
(51.762948, -1.260982) 
(51.762949, -1.261011) 
(51.762941, -1.261041) 
(51.762933, -1.261042) 
(51.762923, -1.261086) 
(51.76292, -1.261107) 
(51.762912, -1.261144) 
(51.762907, -1.261158) 
(51.7629, -1.261193) 
(51.762892, -1.261227) 
(51.76289, -1.261246) 
(51.762882, -1.261279) 
(51.762872, -1.261319) 
(51.762859, -1.261358) 
(51.762851, -1.261389) 
(51.762846, -1.26141) 
(51.762825, -1.261454) 
(51.762842, -1.261442) 
(51.762837, -1.261478) 
(51.762829, -1.261512) 
(51.762827, -1.261527) 
(51.762818, -1.261563) 
(51.762805, -1.261613) 
(51.762802, -1.261634) 
(51.762789, -1.261681) 
(51.762782, -1.261721) 
(51.762789, -1.26172) 
(51.762785, -1.261737) 
(51.762776, -1.261801) 
(51.762766, -1.26183) 
(51.762762, -1.261862) 
(51.762753, -1.26188) 
(51.762741, -1.261927) 
(51.762735, -1.261953) 
(51.762741, -1.261948) 
(51.762736, -1.261972) 
(51.762728, -1.262015) 
(51.762708, -1.262058) 
(51.762711, -1.262084) 
(51.762705, -1.262104) 
(51.762701, -1.262136) 
(51.762696, -1.262156) 
(51.762691, -1.262177) 
(51.762686, -1.262199) 
(51.762675, -1.262242) 
(51.76267, -1.262265) 
(51.762661, -1.262301) 
(51.762655, -1.262322) 
(51.762646, -1.262368) 
(51.762642, -1.262388) 
(51.762634, -1.262427) 
(51.762625, -1.262467) 
(51.762625, -1.262487) 
(51.762617, -1.262528) 
(51.762612, -1.262548) 
(51.762603, -1.262589) 
(51.762598, -1.262596) 
(51.762588, -1.262631) 
(51.762578, -1.262679) 
(51.762571, -1.262706) 
(51.762566, -1.262731) 
(51.762562, -1.262756) 
(51.762541, -1.262799) 
(51.762545, -1.262828) 
(51.762538, -1.262855) 
(51.762527, -1.262858) 
(51.762518, -1.262886) 
(51.762503, -1.262936) 
(51.762431, -1.262956) 
(51.762461, -1.263001) 
(51.762453, -1.263024) 
(51.762443, -1.263044) 
(51.762419, -1.26306) 
(51.762421, -1.26302) 
(51.762408, -1.263012) 
(51.76238, -1.263006) 
(51.762359, -1.262988) 
(51.762346, -1.26299) 
(51.762329, -1.262992) 
(51.762313, -1.26293) 
(51.762294, -1.262938) 
(51.762283, -1.262925) 
(51.762271, -1.262913) 
(51.76223, -1.262911) 
(51.762215, -1.262901) 
(51.76219, -1.262907) 
(51.762161, -1.26292) 
(51.762131, -1.262902) 
(51.762118, -1.262886) 
(51.762107, -1.26287) 
(51.76208, -1.262843) 
(51.762061, -1.262841) 
(51.762049, -1.262819) 
(51.762034, -1.262807) 
(51.761992, -1.262802) 
(51.76197, -1.262799) 
(51.761959, -1.262778) 
(51.76195, -1.262756) 
(51.761887, -1.262792) 
(51.76189, -1.262746) 
(51.761874, -1.262735) 
(51.761848, -1.262696) 
(51.761833, -1.262681) 
(51.761821, -1.262658) 
(51.761807, -1.262638) 
(51.761769, -1.262622) 
(51.761754, -1.262605) 
(51.761735, -1.262597) 
(51.761726, -1.262571) 
(51.761693, -1.262541) 
(51.761676, -1.262528) 
(51.76166, -1.262513) 
(51.761646, -1.262495) 
(51.761629, -1.262482) 
(51.761594, -1.262459) 
(51.761576, -1.262447) 
(51.761561, -1.262432) 
(51.761561, -1.262432) 
(51.761543, -1.262421) 
(51.761526, -1.262408) 
(51.761507, -1.262398) 
(51.761493, -1.262381) 
(51.761477, -1.262367) 
(51.761461, -1.262353) 
(51.761442, -1.262344) 
(51.761424, -1.262332) 
(51.761406, -1.262319) 
(51.76139, -1.262306) 
(51.761374, -1.262295) 
(51.761343, -1.262265) 
(51.761324, -1.262255) 
(51.761308, -1.262242) 
(51.761291, -1.262231) 
(51.761248, -1.262228) 
(51.761241, -1.262173) 
(51.761224, -1.262163) 
(51.761207, -1.262151) 
